26.570661,0
54.037024,0
12.806248,0
20.024984,0
21.260292,0
23.345235,0
20.880613,0
22.803509,0
43.382024,0
33.955854,0
49.203658,0
47.801674,0
53.150729,0
53.075418,0
53.814496,0
178.280678,0
180.546393,0
189.931567,0
191.376592,0
205.572372,0
224.002232,0
226.715681,0
179.644093,0
142.298981,0
208.345866,0
274.652508,0
247.987903,0
198.579959,0
270.386760,0
278.600072,0
241.962807,0
208.002404,0
249.505511,0
197.448728,0
214.671843,0
263.600076,0
115.169440,0
114.389685,0
107.786827,0
82.758685,0
93.059121,0
126.435754,0
156.847059,0
189.612763,0
168.573426,0
264.939616,0
395.202480,0
277.411247,0
371.540038,0
158.382449,0
148.222805,0
144.222051,0
90.022219,0
67.535176,0
100.498756,0
147.492373,0
141.890803,0
139.946418,0
158.808060,0
263.402733,0
301.728355,0
310.517310,0
354.611055,0
327.123830,0
329.097250,0
299.147121,0
310.386855,0
305.785873,0
274.257179,0
255.548430,0
247.881020,0
220.056811,0
126.889716,0
201.516749,0
79.611557,0
94.540996,0
226.497241,0
335.292410,0
326.658843,0
250.281841,0
324.568945,0
324.568945,0
279.551426,0
218.899520,0
129.630243,0
87.281155,0
106.775465,0
100.657836,0
107.200746,0
106.480045,0
86.585218,0
60.745370,0
49.091751,0
39.446166,0
35.693137,0
37.643060,0
46.227697,0
52.402290,0
53.907328,0
60.901560,0
82.006097,0
113.951744,0
146.154028,0
170.155811,0
180.679274,0
182.016483,0
176.705970,0
147.461859,0
112.361025,0
53.235327,0
30.528675,0
90.956033,0
149.000000,0
201.201392,0
240.187427,0
234.034186,0
203.246156,0
131.882523,0
84.770278,0
99.126182,0
136.014705,0
168.154691,0
178.600112,0
180.867355,0
177.792013,0
175.191324,0
179.401784,0
181.201545,0
183.635509,0
189.889442,0
208.786973,0
234.350165,0
304.095380,0
309.045304,0
226.565664,0
206.242576,0
199.904977,0
223.008968,0
148.492424,0
136.824705,0
213.009389,0
217.720004,0
229.895628,0
207.761883,0
202.711618,0
203.570627,0
209.678325,0
162.754416,0
186.118242,0
189.678676,0
277.200289,0
289.375189,0
254.662522,0
261.843465,0
216.004630,0
121.379570,0
78.089692,0
111.198022,0
155.666310,0
183.357574,0
201.943061,0
214.238185,0
228.757514,0
288.904829,0
281.320102,0
305.604319,0
301.272302,0
239.560013,0
229.264040,0
230.262893,0
231.261756,0
173.011560,0
181.024860,0
196.786687,0
259.834563,0
235.669260,0
164.842349,0
176.819117,0
187.523332,0
206.021844,0
97.514102,0
361.707064,0
314.993651,0
240.840196,0
177.901658,0
223.181540,0
270.431137,0
231.049778,0
194.833262,0
100.019998,0
40.447497,0
273.503199,0
265.444910,0
113.529732,0
91.005494,0
88.362888,0
57.982756,0
54.708317,0
53.009433,0
167.442527,0
166.904164,0
170.176379,0
161.793078,0
196.002551,0
75.026662,0
197.202941,0
170.425937,0
145.773797,0
139.517024,0
151.953940,0
190.128904,0
202.780670,0
225.179928,0
236.027541,0
306.276019,0
291.821863,0
300.707499,0
313.394320,0
296.057427,0
279.302703,0
262.840256,0
260.762344,0
89.498603,0
66.030296,0
76.105190,0
76.275815,0
89.627005,0
140.687597,0
156.320184,0
122.711043,0
368.741102,0
363.885971,0
362.240252,0
373.209057,0
205.341180,0
210.544532,0
206.320140,0
230.217289,0
237.539470,0
274.054739,0
238.201595,0
153.378617,0
121.037184,0
59.816386,0
88.283634,0
88.684835,0
92.265920,0
100.005000,0
102.078401,0
96.690227,0
79.378838,0
37.107951,0
10.198039,0
19.697716,0
20.223748,0
19.235384,0
26.172505,0
28.284271,0
23.194827,0
16.492423,0
26.000000,0
26.570661,0
26.172505,0
29.681644,0
35.383612,0
39.824616,0
37.215588,0
33.286634,0
31.320920,0
29.154759,0
27.073973,0
37.013511,0
35.510562,0
31.953091,0
27.730849,0
41.231056,0
40.853396,0
39.408121,0
41.036569,0
52.497619,0
61.522354,0
64.404969,0
76.380626,0
86.214848,0
92.195445,0
100.409163,0
75.927597,0
64.257295,0
60.415230,0
43.416587,0
33.615473,0
48.836462,0
46.097722,0
49.819675,0
55.443665,0
68.796802,0
77.369245,0
77.833155,0
83.432608,0
92.195445,0
106.733313,0
111.462998,0
113.991228,0
116.619038,0
136.194714,0
133.375410,0
130.138388,0
143.087386,0
149.271565,0
117.153745,0
93.343452,0
81.154174,0
63.158531,0
41.976184,0
39.115214,0
51.088159,0
60.108236,0
54.203321,0
53.535035,0
69.426220,0
119.473847,0
75.451971,0
99.859902,0
41.400483,0
60.033324,0
173.366663,0
178.216161,0
172.002907,0
160.589539,0
120.216471,0
87.200917,0
163.514525,0
147.732867,0
144.100659,0
149.966663,0
141.173652,0
152.846328,0
147.732867,0
147.665162,0
151.611345,0
146.413797,0
146.441114,0
151.753089,0
149.642908,0
141.014184,0
155.823618,0
152.554908,0
148.337453,0
139.917833,0
155.261070,0
173.141561,0
157.714933,0
157.276826,0
77.833155,0
71.168813,0
59.236813,0
64.327288,0
52.086467,0
52.886671,0
44.418465,0
42.720019,0
45.453273,0
44.102154,0
53.600373,0
50.487622,0
35.355339,0
42.000000,0
34.132096,0
24.166092,0
18.439089,0
36.055513,0
30.805844,0
66.730802,0
167.035924,0
167.358896,0
189.264365,0
183.000000,0
183.371208,0
181.603965,0
185.722912,0
183.983695,0
191.689854,0
199.582063,0
192.200416,0
192.200416,0
198.436388,0
202.054448,0
193.829822,0
192.675894,0
198.927122,0
200.262328,0
194.987179,0
196.147903,0
204.377102,0
198.668065,0
187.488666,0
177.290722,0
168.671278,0
159.662143,0
151.419946,0
140.463518,0
127.816274,0
112.929181,0
98.030607,0
81.908486,0
68.007353,0
52.924474,0
39.357337,0
27.802878,0
20.808652,0
18.681542,0
18.027756,0
17.117243,0
20.396078,0
22.561028,0
22.360680,0
23.194827,0
23.000000,0
21.023796,0
23.259407,0
41.000000,0
61.983869,0
97.123633,0
133.824512,0
179.602339,0
226.737734,0
202.785601,0
205.854317,0
202.148460,0
202.200396,0
199.849944,0
186.271308,0
185.024323,0
185.194492,0
190.685605,0
196.697738,0
200.359677,0
204.083316,0
205.652620,0
200.960195,0
198.494332,0
204.892655,0
206.118898,0
209.475536,0
212.896689,0
212.150890,0
205.104851,0
205.769288,0
184.910789,0
158.776573,0
145.602198,0
137.992753,0
133.932819,0
133.255394,0
139.463257,0
137.131324,0
133.686200,0
126.751726,0
121.313643,0
120.768373,0
117.923704,0
111.323852,0
105.574618,0
102.122475,0
97.082439,0
91.197588,0
84.011904,0
74.732858,0
73.979727,0
62.096699,0
49.335586,0
23.086793,0
12.206556,0
59.413803,0
78.057671,0
88.141931,0
95.005263,0
88.141931,0
91.137259,0
96.046864,0
105.801701,0
120.838736,0
135.092561,0
141.760361,0
144.806768,0
141.223228,0
128.413395,0
109.553640,0
80.156098,0
45.099889,0
16.000000,0
53.225934,0
74.330344,0
81.043198,0
98.954535,0
118.456743,0
137.873130,0
156.894869,0
171.049700,0
176.705970,0
177.552809,0
182.822318,0
189.718212,0
196.786687,0
202.410474,0
202.785601,0
201.613492,0
204.159252,0
204.159252,0
204.159252,0
207.713745,0
209.880919,0
213.466625,0
214.161154,0
212.708721,0
211.293635,0
210.237960,0
209.847564,0
207.694487,0
206.712361,0
207.509036,0
203.393707,0
199.278699,0
199.461776,0
198.668065,0
196.514630,0
194.002577,0
196.956848,0
196.147903,0
196.328806,0
196.514630,0
196.147903,0
196.621464,0
195.317690,0
193.889144,0
192.501948,0
189.401690,0
189.855208,0
191.211924,0
197.010152,0
200.089980,0
198.426309,0
199.724811,0
196.824795,0
199.699775,0
200.569190,0
202.054448,0
204.560504,0
203.393707,0
194.139125,0
189.095214,0
181.339461,0
175.846524,0
172.930622,0
173.404152,0
168.439900,0
166.769302,0
164.975756,0
167.200478,0
167.035924,0
167.370846,0
168.077363,0
168.077363,0
167.836230,0
170.628251,0
168.860889,0
169.011834,0
169.331037,0
166.676333,0
166.508258,0
167.600716,0
174.470628,0
184.024455,0
204.384442,0
218.449079,0
215.863383,0
200.997512,0
197.433533,0
191.128229,0
178.619708,0
171.093542,0
181.466250,0
186.552942,0
189.644404,0
184.805303,0
180.313616,0
180.136060,0
177.910090,0
177.087549,0
163.024538,0
156.706732,0
245.546330,0
261.296766,0
264.560012,0
271.449811,0
239.384628,0
188.087745,0
173.738309,0
159.326708,0
146.823023,0
167.600716,0
171.400117,0
235.849528,0
242.800329,0
225.204352,0
200.960195,0
266.602701,0
132.774244,0
72.780492,0
168.154691,0
111.628849,0
151.287805,0
195.028203,0
46.957428,0
159.022011,0
133.544000,0
198.133793,0
127.098387,0
105.323312,0
106.943911,0
137.437258,0
154.304893,0
121.757957,0
75.292762,0
47.169906,0
38.209946,0
58.137767,0
72.718636,0
77.233412,0
92.913939,0
105.209315,0
128.128841,0
131.026715,0
132.969921,0
119.037809,0
134.260940,0
166.330995,0
187.096232,0
179.805450,0
190.042101,0
148.296999,0
108.189648,0
89.810912,0
70.256672,0
74.148500,0
95.425364,0
90.824006,0
84.693565,0
64.007812,0
180.161039,0
165.024241,0
154.055185,0
154.382642,0
187.882942,0
139.291062,0
177.673859,0
260.017307,0
272.369235,0
205.854317,0
273.001831,0
254.591830,0
236.038133,0
234.388566,0
256.376676,0
272.882759,0
295.426810,0
277.317508,0
245.961379,0
192.093727,0
145.890370,0
142.056327,0
175.635987,0
203.059105,0
214.767316,0
219.312562,0
212.513529,0
204.687567,0
201.816749,0
200.489401,0
194.640695,0
184.396312,0
179.234483,0
149.325149,0
144.806768,0
143.961800,0
148.000000,0
147.231111,0
149.217961,0
149.030198,0
144.589073,0
125.495020,0
103.855669,0
84.314886,0
68.876701,0
55.317267,0
41.773197,0
41.400483,0
57.870545,0
81.006173,0
95.257546,0
109.457754,0
113.441615,0
106.117859,0
100.044990,0
96.000000,0
94.021274,0
92.048900,0
103.121288,0
103.043680,0
112.040171,0
129.003876,0
131.186890,0
123.794184,0
105.323312,0
83.815273,0
61.773781,0
41.400483,0
20.615528,0
14.866069,0
33.136083,0
57.489129,0
73.006849,0
76.843998,0
73.006849,0
81.271151,0
94.641429,0
110.941426,0
87.321246,0
73.082146,0
18.788294,0
40.199502,0
92.779308,0
141.056726,0
149.405489,0
159.906223,0
169.168555,0
152.800524,0
141.421356,0
89.560036,0
79.699435,0
95.707889,0
103.942292,0
116.456000,0
125.717938,0
128.798292,0
133.093952,0
134.736780,0
136.473441,0
142.351677,0
149.893295,0
165.601932,0
186.196133,0
188.621314,0
197.567710,0
190.065778,0
180.886705,0
170.672200,0
160.262285,0
147.248090,0
134.647688,0
128.351081,0
130.648383,0
134.238594,0
133.003759,0
133.225373,0
142.635900,0
150.146595,0
152.069063,0
159.364362,0
188.830612,0
201.586210,0
225.577038,0
216.004630,0
214.149481,0
210.097596,0
211.740407,0
216.898594,0
221.819747,0
215.761442,0
211.322029,0
210.684598,0
208.734281,0
207.870152,0
208.096132,0
213.215853,0
211.073447,0
208.676784,0
206.344372,0
206.344372,0
204.841402,0
201.556444,0
202.940878,0
203.214173,0
201.682919,0
202.200396,0
202.805325,0
204.518948,0
202.548760,0
193.258894,0
173.277235,0
187.384631,0
303.191359,0
237.059064,0
268.486499,0
305.484861,0
311.006431,0
286.356421,0
255.759653,0
243.100802,0
238.799079,0
235.280683,0
237.693079,0
236.934590,0
237.918053,0
240.869259,0
236.000000,0
235.076583,0
235.359300,0
233.548710,0
235.416652,0
235.306184,0
235.104232,0
236.008474,0
194.612435,0
194.612435,0
194.365635,0
192.052076,0
210.618138,0
147.410990,0
74.148500,0
148.556387,0
215.956014,0
202.200396,0
203.541151,0
215.696546,0
338.998525,0
318.778920,0
316.660702,0
316.791730,0
310.543073,0
306.341313,0
282.379178,0
296.624342,0
276.508589,0
251.001992,0
179.635743,0
145.986301,0
151.489274,0
188.767052,0
190.664627,0
129.294238,0
133.330417,0
104.580113,0
18.027756,0
16.000000,0
19.697716,0
23.021729,0
24.083189,0
23.021729,0
24.000000,0
22.000000,0
24.000000,0
23.000000,0
24.000000,0
23.021729,0
24.186773,0
23.086793,0
24.083189,0
23.086793,0
24.083189,0
26.076810,0
24.186773,0
26.476405,0
24.083189,0
23.000000,0
25.317978,0
26.305893,0
24.083189,0
26.172505,0
29.832868,0
33.241540,0
29.017236,0
32.140317,0
30.265492,0
32.388269,0
33.541020,0
32.557641,0
31.016125,0
34.132096,0
39.204592,0
36.124784,0
40.447497,0
45.122057,0
39.115214,0
43.185646,0
39.623226,0
43.931765,0
40.311289,0
45.705580,0
216.335388,0
238.503669,0
218.123818,0
164.222410,0
114.947814,0
65.436993,0
54.083269,0
63.348244,0
66.708320,0
75.802375,0
82.280010,0
89.693924,0
95.189285,0
107.517440,0
120.154068,0
118.928550,0
158.858428,0
181.868084,0
200.000000,0
132.823191,0
181.289823,0
207.077280,0
214.406157,0
237.539470,0
245.203997,0
235.968218,0
243.583661,0
227.200352,0
231.976292,0
289.499568,0
309.594897,0
255.368361,0
219.228192,0
230.705440,0
223.986607,0
212.150890,0
215.188290,0
210.059515,0
204.000000,0
196.124960,0
185.873613,0
175.786803,0
172.130764,0
172.539850,0
176.725776,0
181.223619,0
185.067555,0
185.043238,0
183.098334,0
183.098334,0
184.097800,0
186.096749,0
190.010526,0
195.002564,0
197.063442,0
199.123078,0
201.248602,0
201.357890,0
202.356122,0
201.300770,0
200.249844,0
198.204440,0
197.124326,0
198.063121,0
199.090432,0
200.159936,0
202.356122,0
203.415830,0
204.479828,0
205.548048,0
206.475180,0
208.540164,0
210.535033,0
212.529998,0
215.671046,0
216.834038,0
216.923950,0
219.209945,0
220.537979,0
221.774660,0
221.774660,0
222.173356,0
221.183182,0
223.304725,0
221.097264,0
222.036033,0
220.537979,0
218.661839,0
223.754330,0
221.623555,0
220.911747,0
221.183182,0
223.600089,0
221.325552,0
222.894594,0
223.163617,0
224.075880,0
222.925997,0
224.414795,0
225.574821,0
223.257699,0
224.770995,0
227.107904,0
227.107904,0
220.791757,0
227.721321,0
226.214500,0
219.920440,0
223.600089,0
227.543402,0
226.214500,0
223.450218,0
226.048667,0
226.384628,0
224.899978,0
222.766694,0
223.087427,0
223.647043,0
225.000000,0
225.008889,0
221.020361,0
221.273586,0
213.037555,0
213.178329,0
216.363121,0
201.009950,0
209.876154,0
228.010965,0
219.317122,0
197.428468,0
211.589225,0
218.769285,0
211.589225,0
202.299283,0
201.300770,0
211.286535,0
215.522621,0
211.945748,0
211.366979,0
216.379297,0
217.993119,0
220.302065,0
214.553024,0
215.034881,0
218.508581,0
219.492597,0
217.524711,0
216.189731,0
217.347648,0
219.492597,0
214.553024,0
216.020832,0
217.175045,0
218.332316,0
214.709106,0
213.564978,0
213.412746,0
213.412746,0
212.275764,0
209.021530,0
205.526154,0
203.194488,0
198.645413,0
192.166594,0
180.000000,0
165.245272,0
144.128415,0
126.495059,0
105.513032,0
78.587531,0
56.920998,0
38.275318,0
26.419690,0
26.305893,0
34.713110,0
50.328918,0
67.742158,0
84.118963,0
102.004902,0
88.526832,0
58.694122,0
41.773197,0
33.241540,0
43.046487,0
59.059292,0
179.513231,0
235.295559,0
293.318939,0
335.171598,0
203.334699,0
215.807785,0
219.494875,0
196.900990,0
184.764715,0
167.630546,0
164.283292,0
169.248338,0
163.783394,0
162.443836,0
160.153052,0
167.074834,0
164.027437,0
162.111073,0
161.077621,0
165.109055,0
163.076669,0
161.111762,0
161.251357,0
166.192659,0
165.148418,0
161.251357,0
161.251357,0
166.192659,0
163.248277,0
159.314155,0
164.368488,0
166.300932,0
164.149322,0
160.377679,0
160.199875,0
164.304595,0
164.368488,0
159.530561,0
162.996932,0
168.857928,0
169.186288,0
161.644672,0
161.941347,0
168.715737,0
168.715737,0
161.941347,0
163.624570,0
167.200478,0
165.096941,0
159.389460,0
161.505418,0
167.200478,0
164.477962,0
160.953409,0
163.768129,0
169.011834,0
164.906034,0
162.098735,0
167.585799,0
169.434353,0
163.085867,0
162.634560,0
170.695636,0
168.576392,0
163.917662,0
163.590953,0
169.852878,0
176.465294,0
196.725697,0
199.123078,0
198.595065,0
196.010204,0
197.144617,0
196.147903,0
177.025422,0
162.929433,0
155.322246,0
157.200509,0
170.082333,0
190.709203,0
219.419689,0
209.611545,0
218.082553,0
219.207664,0
217.092146,0
246.854208,0
191.125613,0
232.105579,0
233.053642,0
222.002252,0
219.009132,0
207.009662,0
214.058403,0
208.153789,0
351.870715,0
239.520354,0
213.114992,0
208.139376,0
234.648674,0
268.001866,0
305.643583,0
333.210144,0
340.800528,0
341.809889,0
344.675209,0
349.326495,0
354.227328,0
355.647297,0
356.091280,0
348.282931,0
345.904611,0
318.210622,0
296.986532,0
212.200377,0
186.010752,0
192.023436,0
196.040812,0
188.679623,0
190.000000,0
218.220072,0
241.754007,0
234.957443,0
241.900806,0
264.092787,0
260.837114,0
244.073759,0
223.617978,0
215.967590,0
222.847481,0
223.230822,0
214.730063,0
210.924157,0
226.744349,0
226.823720,0
201.757280,0
186.593140,0
193.889144,0
204.024508,0
188.066478,0
186.386695,0
202.277038,0
201.791972,0
190.779978,0
186.681547,0
203.843077,0
199.902476,0
188.066478,0
187.296556,0
205.496959,0
197.311936,0
186.526138,0
191.525455,0
203.735122,0
199.684752,0
184.458667,0
190.874304,0
209.990476,0
197.306868,0
185.083765,0
195.028203,0
205.645326,0
193.196791,0
182.792232,0
181.705806,0
192.512337,0
194.743421,0
179.002793,0
182.002747,0
199.100477,0
191.637679,0
179.100530,0
179.100530,0
197.881278,0
188.520556,0
178.538511,0
178.263849,0
186.024192,0
191.269443,0
185.172892,0
202.338825,0
238.000000,0
207.183494,0
194.283298,0
204.919496,0
244.899980,0
216.171228,0
197.699267,0
214.853438,0
222.319590,0
214.441134,0
207.992788,0
202.484567,0
202.338825,0
197.433533,0
191.637679,0
191.942700,0
190.223553,0
188.175450,0
188.679623,0
191.269443,0
190.918831,0
191.770696,0
194.329617,0
196.621464,0
196.305884,0
200.569190,0
204.024508,0
330.927485,0
330.727985,0
328.975683,0
318.158765,0
286.810042,0
239.885389,0
218.709853,0
209.093281,0
213.883146,0
220.193097,0
226.991189,0
232.355331,0
230.158641,0
334.462255,0
331.802652,0
327.200244,0
319.976562,0
307.824625,0
290.690557,0
275.392447,0
259.563094,0
242.142520,0
230.008695,0
221.472346,0
217.846276,0
215.473896,0
211.872603,0
208.520982,0
207.424685,0
208.837257,0
209.308385,0
209.570990,0
211.747491,0
214.161154,0
214.161154,0
213.693706,0
215.132517,0
215.371772,0
215.615398,0
215.132517,0
215.195260,0
217.366051,0
220.292987,0
218.277347,0
219.063918,0
219.865868,0
218.123818,0
215.956014,0
215.745220,0
218.341476,0
220.513038,0
220.077259,0
220.637712,0
221.054292,0
221.822001,0
221.054292,0
221.488149,0
220.737401,0
221.199005,0
220.737401,0
221.939181,0
223.886132,0
224.414795,0
224.414795,0
222.685877,0
221.711524,0
220.513038,0
220.513038,0
220.737401,0
220.513038,0
220.513038,0
220.513038,0
221.488149,0
220.737401,0
219.763509,0
218.789854,0
218.789854,0
219.538152,0
219.100434,0
218.888099,0
219.100434,0
219.865868,0
218.888099,0
220.292987,0
220.513038,0
220.513038,0
220.513038,0
219.317122,0
221.054292,0
221.415898,0
221.415898,0
222.596047,0
222.800359,0
223.986607,0
224.635260,0
222.463480,0
222.463480,0
222.463480,0
222.245360,0
221.822001,0
221.822001,0
221.616786,0
222.596047,0
222.396043,0
223.376364,0
223.376364,0
223.575491,0
223.575491,0
224.356859,0
225.534920,0
226.318360,0
226.318360,0
226.318360,0
226.514900,0
225.736572,0
225.942471,0
225.390772,0
225.390772,0
225.175487,0
224.414795,0
223.221863,0
222.245360,0
221.054292,0
217.701631,0
216.316897,0
215.336945,0
214.158820,0
212.793327,0
210.641876,0
209.659247,0
209.847564,0
208.079312,0
207.299301,0
206.526027,0
204.570281,0
201.427406,0
199.263644,0
197.101497,0
195.143537,0
192.418814,0
188.512599,0
187.757823,0
184.835062,0
180.941980,0
178.025279,0
175.846524,0
171.723615,0
165.196852,0
160.099969,0
157.410292,0
157.410292,0
155.232084,0
152.082215,0
148.192442,0
145.041373,0
141.890803,0
139.713994,0
136.795468,0
134.851770,0
133.880544,0
131.700418,0
126.846364,0
121.511316,0
116.661905,0
113.507709,0
110.353976,0
105.990566,0
103.077641,0
98.954535,0
98.234414,0
92.892411,0
84.646323,0
76.400262,0
70.604532,0
64.560050,0
59.908263,0
56.515485,0
50.219518,0
47.074409,0
45.891176,0
44.911023,0
40.792156,0
36.878178,0
36.878178,0
40.792156,0
42.579338,0
49.365980,0
56.435804,0
59.413803,0
63.639610,0
70.576200,0
74.545288,0
83.725743,0
91.787799,0
94.762862,0
100.717426,0
106.677083,0
112.445542,0
125.574679,0
136.444128,0
150.332964,0
167.191507,0
183.174780,0
191.065434,0
196.124960,0
200.159936,0
201.201392,0
199.424171,0
191.668985,0
170.950285,0
155.708060,0
142.635900,0
129.807550,0
116.691902,0
96.462428,0
72.801099,0
55.785303,0
33.060551,0
29.154759,0
17.029386,0
127.424487,0
126.003968,0
115.948264,0
116.520384,0
123.470644,0
122.918672,0
196.305884,0
145.416643,0
206.341949,0
214.401493,0
195.256242,0
182.002747,0
225.175487,0
302.763934,0
289.000000,0
276.799566,0
276.904316,0
175.866427,0
89.677199,0
136.937942,0
174.633903,0
88.022724,0
76.006579,0
147.526269,0
178.137587,0
124.454811,0
148.006757,0
164.842349,0
204.978048,0
159.088026,0
127.816274,0
63.694584,0
205.080472,0
157.892368,0
147.258277,0
134.629120,0
201.241149,0
146.986394,0
170.765922,0
174.874241,0
184.100516,0
170.988304,0
201.062179,0
184.358347,0
193.080294,0
168.671278,0
158.268759,0
173.002890,0
140.730238,0
231.224999,0
129.387016,0
143.784561,0
125.000000,0
75.432089,0
124.000000,0
182.010989,0
125.143917,0
119.067208,0
134.033578,0
122.000000,0
118.038129,0
132.306462,0
144.585615,0
163.003067,0
155.389832,0
95.084173,0
95.634722,0
122.262014,0
112.004464,0
96.254870,0
103.353761,0
96.798760,0
112.160599,0
80.622577,0
117.618026,0
133.899216,0
136.894120,0
176.139150,0
127.475488,0
75.451971,0
97.800818,0
80.049984,0
122.641755,0
84.864598,0
103.585713,0
77.820306,0
70.661163,0
99.849887,0
132.196823,0
138.235307,0
53.851648,0
231.866341,0
224.697575,0
192.010416,0
161.891939,0
153.844077,0
98.731960,0
111.400180,0
153.310143,0
177.634456,0
39.812058,0
145.523194,0
170.839106,0
144.837840,0
166.460205,0
169.366467,0
161.919733,0
170.097031,0
152.712148,0
171.732350,0
165.846314,0
161.245155,0
177.611937,0
156.984076,0
167.200478,0
174.269906,0
181.176709,0
166.709328,0
164.453641,0
169.499263,0
165.060595,0
129.356098,0
171.478862,0
136.473441,0
199.649693,0
242.425246,0
212.174457,0
189.589029,0
210.836429,0
254.285273,0
216.748702,0
287.367361,0
293.456982,0
268.404545,0
300.083322,0
359.806893,0
170.628251,0
282.028367,0
211.400095,0
127.561750,0
165.148418,0
196.022958,0
204.012255,0
190.252464,0
200.561711,0
109.201648,0
167.764716,0
211.101871,0
209.418242,0
159.050307,0
118.088950,0
66.468037,0
92.574294,0
97.144223,0
160.639348,0
185.283566,0
207.562039,0
242.293211,0
291.619615,0
256.164010,0
200.771014,0
165.737745,0
222.643212,0
193.940713,0
254.654668,0
148.276768,0
187.779126,0
177.730133,0
208.278659,0
112.432202,0
243.131652,0
188.480768,0
218.835555,0
200.870605,0
171.230838,0
203.295352,0
219.317122,0
238.503669,0
260.909946,0
160.996894,0
208.173005,0
198.123699,0
163.110392,0
160.131196,0
143.610585,0
211.340957,0
205.275425,0
177.507746,0
145.619367,0
184.805303,0
167.764716,0
168.617911,0
170.880075,0
170.461139,0
175.601822,0
180.693110,0
218.000000,0
236.237169,0
250.529439,0
267.346217,0
283.804510,0
302.512810,0
286.973866,0
305.764615,0
315.065073,0
299.603071,0
272.594938,0
272.303140,0
232.475805,0
231.846932,0
155.364089,0
220.111335,0
239.470249,0
243.977458,0
208.173005,0
230.783448,0
223.087427,0
223.647043,0
217.009216,0
171.105231,0
184.002717,0
219.036527,0
195.064092,0
169.357610,0
90.271812,0
66.483081,0
57.870545,0
56.089215,0
36.138622,0
45.541190,0
47.853944,0
30.610456,0
36.796739,0
46.141088,0
45.221676,0
38.897301,0
51.039201,0
63.953108,0
81.498466,0
102.825094,0
115.624392,0
124.779806,0
126.921235,0
132.219514,0
148.081059,0
167.868997,0
191.191004,0
212.849712,0
213.384629,0
207.060378,0
204.834079,0
199.619638,0
190.276115,0
191.460179,0
198.032826,0
193.806605,0
186.702973,0
188.663722,0
186.045693,0
173.657709,0
167.026944,0
168.107109,0
166.027106,0
161.443489,0
154.311374,0
149.803204,0
146.208755,0
139.628077,0
125.195847,0
121.264174,0
118.072012,0
120.540450,0
135.768185,0
154.538021,0
169.292646,0
184.808008,0
191.002618,0
200.860648,0
198.655481,0
197.342342,0
198.295234,0
197.342342,0
193.582024,0
199.904977,0
204.804785,0
200.848201,0
198.879360,0
207.125566,0
209.554289,0
201.062179,0
199.612124,0
207.624661,0
207.161773,0
197.909070,0
197.909070,0
205.221831,0
203.592731,0
196.939077,0
192.442199,0
186.260570,0
173.902271,0
157.876534,0
154.175225,0
130.862523,0
115.572488,0
87.367042,0
83.096330,0
97.349884,0
100.647901,0
99.458534,0
100.124922,0
105.801701,0
96.767763,0
102.181212,0
100.657836,0
104.062481,0
97.082439,0
94.514549,0
90.697299,0
93.536089,0
83.234608,0
72.470684,0
72.249567,0
75.166482,0
80.156098,0
86.371292,0
94.047860,0
101.911727,0
109.343495,0
116.400172,0
118.600169,0
123.405835,0
130.801376,0
136.242431,0
139.606590,0
139.118654,0
142.695480,0
149.465715,0
154.945152,0
158.619040,0
162.308349,0
166.940109,0
171.233758,0
176.853046,0
181.837840,0
185.647515,0
187.925517,0
188.883562,0
190.520340,0
189.282857,0
189.282857,0
188.600106,0
189.282857,0
189.707670,0
187.779126,0
186.400107,0
186.400107,0
185.440017,0
184.764715,0
184.097800,0
182.186717,0
181.892826,0
181.892826,0
182.849665,0
184.480351,0
183.806964,0
183.142021,0
183.142021,0
181.892826,0
178.675684,0
176.459627,0
174.631040,0
172.168522,0
170.660482,0
170.660482,0
169.729196,0
168.798697,0
169.168555,0
168.617911,0
166.769302,0
167.155616,0
166.234774,0
166.940109,0
167.868997,0
167.502239,0
167.314076,0
164.538749,0
162.963186,0
161.136588,0
159.815519,0
159.411417,0
157.990506,0
155.682369,0
156.588633,0
160.153052,0
160.112460,0
161.483745,0
161.012422,0
157.867033,0
157.003185,0
159.298462,0
159.238814,0
159.665275,0
161.449683,0
166.436174,0
175.482193,0
186.574382,0
193.289938,0
193.680149,0
194.640695,0
193.680149,0
194.365635,0
194.095337,0
195.760057,0
197.952014,0
199.624648,0
200.339711,0
201.308221,0
201.558924,0
202.032176,0
201.308221,0
201.558924,0
202.526541,0
203.246156,0
203.002463,0
202.277038,0
203.002463,0
205.221831,0
204.782812,0
205.000000,0
206.951685,0
208.482613,0
209.258214,0
209.258214,0
209.847564,0
210.829315,0
211.442664,0
211.624668,0
213.410403,0
216.189731,0
217.175045,0
216.843261,0
215.856434,0
215.856434,0
216.684102,0
214.869728,0
214.709106,0
216.529444,0
215.244048,0
211.286535,0
211.992924,0
211.992924,0
211.142132,0
211.286535,0
213.412746,0
214.254522,0
213.265093,0
212.577045,0
212.577045,0
211.747491,0
211.747491,0
212.077816,0
212.896689,0
214.709106,0
213.721782,0
212.734576,0
211.435569,0
210.447143,0
212.577045,0
214.709106,0
216.233670,0
213.712424,0
131.734582,0
127.098387,0
163.783394,0
161.817799,0
139.807010,0
116.516093,0
107.424392,0
112.294256,0
115.741090,0
123.146255,0
131.137333,0
137.320792,0
145.523194,0
166.973052,0
195.818794,0
218.403297,0
227.774011,0
235.771075,0
308.585482,0
251.882909,0
257.619875,0
249.927990,0
240.842272,0
248.402899,0
243.895469,0
240.553528,0
233.931614,0
277.043318,0
274.415743,0
268.715463,0
242.958844,0
232.142198,0
233.334524,0
287.327339,0
282.072686,0
249.551598,0
240.607564,0
236.812162,0
229.819494,0
201.228726,0
200.883051,0
217.276322,0
224.414795,0
229.106962,0
274.874517,0
240.470372,0
229.314195,0
228.484135,0
225.290923,0
233.529441,0
240.027082,0
272.721470,0
242.736483,0
258.642611,0
254.574154,0
245.246814,0
241.859463,0
241.505694,0
232.260629,0
292.207118,0
241.478778,0
247.832605,0
219.346757,0
264.592139,0
243.148103,0
259.007722,0
247.008097,0
264.251774,0
283.301959,0
258.712195,0
242.033056,0
263.304007,0
272.484862,0
241.366941,0
250.059993,0
242.588128,0
268.404545,0
282.363241,0
209.880919,0
252.239965,0
247.969756,0
243.905719,0
219.146070,0
241.033193,0
250.107977,0
230.412673,0
240.615876,0
245.422085,0
228.729097,0
226.735529,0
193.961336,0
212.249853,0
214.767316,0
110.679718,0
113.841996,0
120.503112,0
131.472431,0
139.978570,0
152.427032,0
187.800426,0
219.009132,0
252.659850,0
271.543735,0
277.200289,0
278.614429,0
275.829658,0
277.276036,0
277.276036,0
274.652508,0
270.839436,0
267.860038,0
265.497646,0
257.110871,0
259.699827,0
261.812910,0
259.699827,0
260.860116,0
258.801082,0
255.031371,0
257.660630,0
278.915758,0
331.694136,0
316.689122,0
285.224473,0
277.000000,0
282.878066,0
299.162163,0
298.725627,0
292.496154,0
294.159821,0
292.827594,0
290.520223,0
298.839422,0
295.411577,0
282.235717,0
275.530398,0
274.357431,0
272.007353,0
269.475416,0
270.894814,0
271.891522,0
271.154937,0
270.667693,0
269.156089,0
269.564464,0
266.720828,0
264.140114,0
260.931025,0
259.624729,0
261.227870,0
261.619953,0
261.176186,0
260.292144,0
258.495648,0
258.961387,0
256.134730,0
257.005837,0
257.390754,0
260.111515,0
259.730630,0
263.531782,0
265.646381,0
271.311629,0
276.703813,0
281.604332,0
285.910825,0
291.139142,0
298.167738,0
300.734102,0
297.417215,0
293.751596,0
291.207830,0
289.015571,0
288.001736,0
291.015464,0
293.027302,0
292.246471,0
290.688837,0
285.910825,0
283.196045,0
281.220554,0
276.134025,0
265.271559,0
253.602050,0
240.881714,0
227.589543,0
213.560296,0
201.467119,0
187.448660,0
164.477962,0
145.344419,0
141.421356,0
147.329563,0
168.404275,0
189.552104,0
222.407284,0
258.495648,0
271.486648,0
283.148371,0
295.210095,0
298.991639,0
283.487213,0
257.707198,0
234.326695,0
228.370313,0
227.266364,0
251.382179,0
271.661554,0
285.748141,0
291.006873,0
291.811583,0
297.892598,0
305.085234,0
302.866307,0
301.761495,0
305.407924,0
307.717403,0
310.594591,0
311.269979,0
313.338475,0
317.157689,0
317.417706,0
321.566478,0
321.104344,0
318.717743,0
316.393742,0
314.839642,0
321.255350,0
330.048481,0
339.908811,0
338.427245,0
339.094382,0
336.725407,0
350.064280,0
183.613725,0
280.189222,0
283.068896,0
284.429253,0
276.175669,0
270.440382,0
319.081494,0
324.422564,0
265.663321,0
187.882942,0
124.523090,0
71.253070,0
98.858485,0
174.384632,0
212.398211,0
220.009091,0
167.200478,0
100.647901,0
101.271911,0
87.692645,0
52.153619,0
48.166378,0
77.369245,0
112.871608,0
151.013244,0
178.465683,0
224.661968,0
241.232253,0
162.742127,0
228.709423,0
42.011903,0
24.166092,0
15.811388,0
28.460499,0
89.106678,0
60.464866,0
86.585218,0
100.319490,0
101.212647,0
70.178344,0
91.482239,0
105.223572,0
80.610173,0
89.470666,0
101.079177,0
105.095195,0
102.883429,0
101.965681,0
98.488578,0
101.242284,0
107.517440,0
112.929181,0
119.920807,0
124.723695,0
127.882759,0
136.312142,0
159.088026,0
190.192008,0
214.441134,0
256.275243,0
369.541608,0
276.812211,0
279.608655,0
276.007246,0
279.302703,0
276.698392,0
246.805592,0
254.558441,0
255.280238,0
255.720551,0
259.824941,0
223.707398,0
219.107280,0
207.234167,0
60.207973,0
58.420887,0
55.443665,0
51.478151,0
41.436699,0
26.925824,0
12.649111,0
1.000000,0
4.000000,0
4.242641,0
7.615773,0
11.704700,0
14.866069,0
18.681542,0
20.223748,0
25.179357,0
37.735925,0
59.203040,0
81.394103,0
90.376988,0
100.702532,0
109.713263,0
108.074049,0
101.710373,0
90.520716,0
96.208108,0
129.417928,0
154.353490,0
153.873325,0
135.151767,0
104.661359,0
79.120162,0
79.630396,0
75.432089,0
82.219219,0
71.840100,0
52.810984,0
66.211781,0
51.156622,0
75.106591,0
103.479467,0
190.118384,0
239.754041,0
244.272389,0
237.741456,0
229.008733,0
239.200753,0
221.639347,0
190.044732,0
163.024538,0
143.610585,0
124.535136,0
133.506554,0
151.953940,0
162.117242,0
156.016025,0
147.959454,0
151.832144,0
143.961800,0
131.320219,0
82.462113,0
78.409183,0
166.373075,0
230.312831,0
263.797271,0
265.663321,0
267.301328,0
259.331834,0
241.993802,0
222.874404,0
210.411502,0
205.321699,0
200.830775,0
201.246118,0
179.011173,0
164.453641,0
173.807365,0
163.957312,0
181.044193,0
227.246562,0
252.926867,0
252.049598,0
242.332416,0
244.049175,0
227.495055,0
202.405534,0
184.610401,0
158.685223,0
128.082005,0
138.654246,0
147.709174,0
140.089257,0
132.423563,0
142.779550,0
143.391074,0
146.013698,0
138.538803,0
138.057959,0
142.411376,0
141.240929,0
141.735669,0
136.824705,0
131.711807,0
106.943911,0
89.810912,0
124.326184,0
163.110392,0
203.960781,0
236.372587,0
253.250864,0
257.619875,0
261.174271,0
262.589033,0
254.403223,0
255.861291,0
250.337772,0
254.593794,0
258.990347,0
247.693359,0
224.321198,0
194.064422,0
174.522205,0
172.742583,0
181.077332,0
190.905736,0
215.230109,0
257.235301,0
276.407308,0
291.588751,0
290.998282,0
285.896835,0
273.190410,0
255.765518,0
238.314918,0
215.058132,0
194.146852,0
160.015624,0
114.978259,0
78.746428,0
111.946416,0
196.468827,0
234.029913,0
215.034881,0
129.003876,0
76.275815,0
55.461698,0
74.249579,0
85.702975,0
92.395887,0
97.862148,0
103.464970,0
116.249731,0
153.600130,0
184.718705,0
195.724296,0
195.788151,0
196.461192,0
193.341666,0
191.588100,0
184.328511,0
153.639188,0
77.929455,0
31.320920,0
3.162278,0
25.632011,0
44.102154,0
46.000000,0
45.011110,0
46.043458,0
47.095647,0
48.093659,0
89.988888,0
90.249654,0
91.482239,0
88.639720,0
67.468511,0
86.284413,0
69.634761,0
99.161484,0
39.051248,0
159.615162,0
271.016605,0
260.909946,0
277.146171,0
262.731802,0
239.760297,0
226.046455,0
115.732450,0
128.456218,0
103.247276,0
146.030819,0
205.060967,0
211.532503,0
209.286884,0
258.644544,0
335.180548,0
336.090762,0
362.049720,0
328.100594,0
304.862264,0
285.047364,0
272.066168,0
248.402899,0
215.230109,0
165.060595,0
126.178445,0
79.906195,0
48.259714,0
50.606324,0
48.104054,0
32.893768,0
14.035669,0
5.000000,0
14.317821,0
34.525353,0
57.489129,0
79.429214,0
107.200746,0
124.679589,0
130.464555,0
128.471787,0
134.536240,0
143.589693,0
151.267974,0
159.012578,0
164.048773,0
172.290452,0
178.907797,0
185.690603,0
192.675894,0
197.496835,0
202.405534,0
206.421898,0
213.190056,0
219.271521,0
231.890060,0
254.243977,0
269.356641,0
97.185390,0
99.403219,0
92.265920,0
201.457191,0
232.077573,0
212.058954,0
211.322029,0
218.256730,0
199.624648,0
187.445992,0
173.311858,0
171.026314,0
177.859495,0
193.051807,0
202.319055,0
204.846284,0
191.859323,0
168.671278,0
158.069605,0
139.176147,0
171.470114,0
162.360710,0
137.640837,0
109.590146,0
120.805629,0
108.908218,0
116.619038,0
115.948264,0
135.003704,0
143.502613,0
151.198545,0
168.428026,0
176.638048,0
192.782261,0
201.479527,0
177.079078,0
202.543822,0
224.570702,0
386.063466,0
368.636678,0
342.546347,0
366.203495,0
293.824778,0
286.421019,0
287.013937,0
310.757140,0
310.257957,0
327.262891,0
317.554720,0
296.379824,0
300.026665,0
297.200269,0
304.138127,0
140.089257,0
275.045451,0
284.945609,0
279.200645,0
308.457452,0
289.084763,0
270.562377,0
285.954542,0
287.480434,0
310.601030,0
322.187833,0
314.453494,0
294.244796,0
346.301891,0
309.401034,0
312.616378,0
317.165572,0
318.728725,0
302.687958,0
331.903600,0
324.451845,0
309.510904,0
302.694566,0
290.118941,0
295.940872,0
291.290233,0
278.689792,0
268.739651,0
336.772921,0
318.512166,0
341.351725,0
323.966048,0
271.543735,0
266.908224,0
275.045451,0
277.622045,0
275.465061,0
274.758075,0
305.735180,0
343.292878,0
334.619187,0
286.803068,0
292.909542,0
294.187015,0
300.507903,0
321.179078,0
308.702122,0
309.828985,0
301.280600,0
314.796760,0
306.315197,0
318.226335,0
320.320152,0
305.551960,0
311.332620,0
294.105423,0
273.075081,0
277.965825,0
293.204707,0
308.183387,0
301.230809,0
312.592386,0
284.613773,0
273.034796,0
282.242803,0
293.318939,0
307.826250,0
310.845621,0
325.983128,0
311.770749,0
304.599737,0
322.453097,0
307.709278,0
314.453494,0
300.466304,0
318.650279,0
285.222720,0
334.520552,0
330.854953,0
298.303537,0
215.232433,0
293.518313,0
284.692817,0
260.278697,0
174.450566,0
48.548944,0
65.192024,0
190.412710,0
189.842040,0
194.030925,0
221.199005,0
217.554591,0
188.066478,0
197.306868,0
229.686743,0
242.571639,0
237.541575,0
245.312046,0
290.000000,0
272.148856,0
257.328584,0
203.199409,0
167.430583,0
173.288776,0
132.230859,0
105.683490,0
107.912001,0
120.004167,0
115.000000,0
125.159898,0
201.121854,0
220.510771,0
234.104677,0
218.387271,0
238.209991,0
219.583697,0
237.255137,0
235.359300,0
238.472221,0
218.586367,0
234.418429,0
235.478237,0
234.360833,0
237.497368,0
243.328995,0
257.386868,0
277.000000,0
284.887697,0
174.063207,0
225.887140,0
264.714941,0
234.776489,0
121.918005,0
105.361283,0
103.392456,0
134.014925,0
317.018927,0
314.238763,0
145.000000,0
68.066144,0
95.603347,0
61.465437,0
169.118302,0
135.247921,0
158.647408,0
115.247560,0
145.344419,0
124.084649,0
88.119237,0
239.353295,0
166.291912,0
304.566906,0
209.200860,0
223.651515,0
286.225436,0
246.223476,0
140.513345,0
104.019229,0
95.524866,0
38.832976,0
100.179838,0
133.003759,0
152.003289,0
138.610966,0
148.273396,0
171.493440,0
194.365635,0
238.767670,0
228.536649,0
115.381974,0
55.901699,0
53.935146,0
49.497475,0
51.156622,0
47.381431,0
41.303753,0
38.470768,0
42.201896,0
40.607881,0
39.319207,0
41.976184,0
42.720019,0
38.327536,0
41.773197,0
38.327536,0
245.277394,0
270.896659,0
274.643405,0
271.447969,0
266.371920,0
259.408944,0
249.359179,0
235.936432,0
232.422030,0
235.002128,0
236.076259,0
235.008510,0
238.018907,0
241.018671,0
242.051647,0
253.160028,0
262.274665,0
265.271559,0
269.267525,0
264.229067,0
267.421016,0
261.765162,0
265.830773,0
261.690657,0
268.821502,0
270.894814,0
265.830773,0
265.996241,0
262.291822,0
255.327241,0
246.375729,0
248.937743,0
247.778127,0
250.667110,0
254.401258,0
254.230211,0
260.324797,0
272.946881,0
282.391572,0
295.408192,0
315.420354,0
73.334848,0
72.443081,0
70.710678,0
69.856997,0
68.949257,0
65.741920,0
59.640590,0
56.639209,0
55.461698,0
57.870545,0
70.349129,0
89.899944,0
138.708327,0
171.058470,0
197.083739,0
228.177562,0
250.798724,0
255.331158,0
271.248963,0
272.809457,0
278.792037,0
273.000000,0
276.181100,0
272.970694,0
276.322276,0
280.713377,0
278.582124,0
274.657969,0
279.257945,0
275.637443,0
276.875423,0
275.588461,0
278.115084,0
278.016187,0
280.643902,0
280.303407,0
283.622989,0
289.675681,0
322.942719,0
337.404801,0
364.067301,0
312.270716,0
309.523828,0
306.058818,0
305.163890,0
303.278750,0
308.274229,0
316.227766,0
273.183089,0
273.645756,0
299.187232,0
277.088434,0
282.469467,0
288.383425,0
311.826875,0
319.524647,0
330.800544,0
294.550505,0
292.030820,0
313.703682,0
309.040450,0
338.600059,0
364.354223,0
306.414752,0
229.106962,0
227.035240,0
248.316331,0
259.532272,0
270.822820,0
275.072718,0
246.333108,0
319.338379,0
297.472688,0
298.291803,0
322.942719,0
344.363180,0
358.131261,0
306.649637,0
241.580214,0
191.760267,0
192.585046,0
234.642281,0
233.548710,0
244.401309,0
261.428767,0
275.109069,0
280.729407,0
268.001866,0
244.663034,0
305.617408,0
300.421371,0
299.446155,0
333.817315,0
364.676569,0
307.092820,0
270.867126,0
213.768566,0
216.316897,0
244.049175,0
268.704298,0
273.673163,0
277.200289,0
268.471600,0
277.722883,0
276.523055,0
276.739950,0
284.290345,0
279.427987,0
271.105146,0
272.800293,0
251.543237,0
238.033611,0
260.163410,0
276.886258,0
275.485027,0
271.935654,0
275.572132,0
271.955879,0
268.960964,0
266.608327,0
278.028775,0
282.729553,0
291.247318,0
289.499568,0
306.497961,0
293.789040,0
302.372287,0
334.252898,0
300.527869,0
298.377278,0
304.105245,0
306.414752,0
305.530686,0
286.895451,0
299.152135,0
282.311884,0
281.886502,0
284.091535,0
287.168940,0
285.881094,0
298.859499,0
280.959072,0
314.127363,0
325.116902,0
298.854480,0
308.577381,0
322.453097,0
278.921136,0
276.486889,0
283.063597,0
279.957140,0
280.492424,0
283.656482,0
288.272441,0
290.998282,0
305.221231,0
297.112773,0
285.881094,0
286.818758,0
288.516897,0
292.308057,0
296.568710,0
296.952858,0
301.900646,0
313.413465,0
293.073370,0
277.613040,0
275.138147,0
275.426941,0
275.426941,0
276.622486,0
279.689113,0
281.604332,0
282.591578,0
285.271800,0
289.799931,0
298.077171,0
313.081459,0
273.892315,0
286.811785,0
296.811388,0
282.490708,0
314.070056,0
234.388566,0
314.071648,0
285.881094,0
282.800283,0
288.321002,0
295.530032,0
311.077161,0
332.669506,0
229.314195,0
305.944439,0
279.958926,0
270.717565,0
269.764712,0
272.970694,0
276.702006,0
284.154887,0
286.024474,0
294.771098,0
303.046201,0
322.001553,0
331.903600,0
299.327580,0
276.305990,0
276.181100,0
277.405840,0
277.521170,0
275.307101,0
276.407308,0
276.305990,0
277.521170,0
276.260746,0
276.407308,0
276.260746,0
275.356133,0
276.305990,0
276.305990,0
276.305990,0
276.305990,0
275.356133,0
276.260746,0
275.307101,0
276.305990,0
276.305990,0
275.261694,0
275.356133,0
277.405840,0
277.353565,0
277.353565,0
279.580042,0
279.580042,0
278.519299,0
280.786396,0
280.643902,0
278.582124,0
278.519299,0
280.713377,0
279.580042,0
280.643902,0
279.580042,0
280.643902,0
281.710845,0
279.646205,0
280.713377,0
280.713377,0
278.582124,0
280.577975,0
278.718496,0
276.134025,0
277.794888,0
279.646205,0
279.646205,0
281.710845,0
279.646205,0
280.577975,0
280.577975,0
272.655460,0
270.558681,0
280.786396,0
281.710845,0
280.643902,0
280.643902,0
281.641616,0
280.713377,0
279.646205,0
279.646205,0
280.713377,0
279.580042,0
279.646205,0
280.786396,0
280.786396,0
279.580042,0
278.648524,0
277.650860,0
279.715927,0
277.794888,0
277.721083,0
275.800653,0
277.721083,0
277.794888,0
278.718496,0
277.650860,0
280.713377,0
281.710845,0
280.577975,0
281.783605,0
279.646205,0
279.866039,0
278.582124,0
275.960142,0
268.570289,0
268.361696,0
267.800299,0
266.807046,0
268.570289,0
273.056771,0
242.051647,0
229.651911,0
280.643902,0
279.789206,0
284.585664,0
282.056732,0
277.953233,0
282.214457,0
233.025750,0
223.660457,0
217.186556,0
210.202284,0
280.371183,0
368.895649,0
262.488095,0
101.212647,0
151.380316,0
222.481460,0
166.075284,0
97.744565,0
62.433965,0
68.963759,0
142.593829,0
111.364267,0
41.340053,0
24.738634,0
61.294372,0
33.541020,0
116.709040,0
113.437207,0
116.498927,0
119.339851,0
127.141653,0
135.014814,0
153.117602,0
182.537667,0
212.762779,0
166.868211,0
96.020831,0
79.309520,0
36.055513,0
51.000000,0
84.480767,0
127.141653,0
52.172790,0
30.016662,0
32.202484,0
33.734256,0
48.083261,0
58.600341,0
61.057350,0
59.076222,0
67.119297,0
74.846510,0
57.558666,0
46.389654,0
51.351728,0
85.211502,0
133.454112,0
148.660687,0
141.088625,0
174.645355,0
192.751135,0
199.090432,0
206.409787,0
83.150466,0
24.186773,0
55.946403,0
83.096330,0
83.737686,0
80.603970,0
84.172442,0
273.148311,0
279.635477,0
280.978647,0
278.689792,0
267.320033,0
241.847059,0
239.106671,0
274.372010,0
282.391572,0
250.059993,0
45.541190,0
45.221676,0
45.541190,0
44.384682,0
42.953463,0
42.485292,0
42.485292,0
42.485292,0
40.249224,0
37.589892,0
37.000000,0
35.355339,0
38.013156,0
94.667840,0
149.693019,0
180.953033,0
163.049072,0
333.709454,0
328.316920,0
323.669585,0
323.511978,0
331.713732,0
338.740314,0
346.157479,0
108.240473,0
98.792712,0
84.528102,0
91.389277,0
79.202273,0
77.524190,0
86.585218,0
45.343136,0
47.539457,0
77.935871,0
140.014285,0
157.813181,0
175.695760,0
189.169236,0
207.884583,0
221.142488,0
232.912001,0
282.605732,0
261.726957,0
247.814447,0
210.641876,0
206.584123,0
200.800896,0
194.092761,0
194.123672,0
196.420467,0
150.029997,0
153.182897,0
123.583980,0
244.131112,0
221.605505,0
198.338095,0
226.596558,0
241.770552,0
251.924592,0
239.420133,0
221.054292,0
207.135222,0
181.135309,0
188.353391,0
204.088216,0
198.909527,0
163.713164,0
65.863495,0
250.059993,0
198.758648,0
195.345847,0
229.314195,0
265.966163,0
199.371513,0
197.952014,0
163.370744,0
132.438665,0
145.261833,0
139.118654,0
131.946959,0
128.351081,0
124.390514,0
120.830460,0
43.863424,0
48.795492,0
53.037722,0
63.655322,0
69.526973,0
83.737686,0
92.763139,0
90.000000,0
95.801879,0
92.649879,0
88.192970,0
89.005618,0
82.280010,0
78.409183,0
77.025970,0
79.000000,0
79.006329,0
79.227520,0
86.122006,0
102.415819,0
127.283149,0
154.175225,0
169.852878,0
180.479916,0
190.276115,0
197.314470,0
198.035350,0
200.322240,0
201.221271,0
192.093727,0
197.952014,0
192.800415,0
189.760375,0
192.720004,0
181.044193,0
180.205438,0
168.157664,0
159.088026,0
151.013244,0
166.643332,0
185.180993,0
203.855341,0
216.926255,0
224.588513,0
226.459709,0
227.200352,0
223.573254,0
218.048160,0
209.695017,0
203.666394,0
202.180612,0
201.734975,0
197.385410,0
195.869855,0
195.869855,0
196.621464,0
191.637679,0
182.035711,0
177.282261,0
179.799889,0
197.524682,0
263.531782,0
245.350769,0
230.982683,0
243.731410,0
256.758642,0
246.811669,0
261.068956,0
266.270539,0
255.384025,0
264.092787,0
264.939616,0
252.578701,0
251.047804,0
247.097147,0
241.132744,0
238.838858,0
237.018987,0
231.700237,0
233.619349,0
229.871703,0
220.655841,0
227.712538,0
220.907220,0
228.965063,0
229.259678,0
230.254207,0
227.607118,0
227.727908,0
223.635865,0
215.455332,0
191.668985,0
158.455041,0
111.004504,0
50.039984,0
15.000000,0
55.362442,0
80.777472,0
98.655968,0
112.641023,0
119.151164,0
117.720007,0
114.389685,0
128.082005,0
155.331903,0
184.707877,0
188.557683,0
184.954048,0
183.730781,0
180.360750,0
162.360710,0
142.720006,0
149.187801,0
141.155942,0
141.014184,0
138.462991,0
125.131930,0
103.942292,0
103.576059,0
95.351980,0
105.801701,0
80.752709,0
74.148500,0
62.369865,0
51.971146,0
33.376639,0
16.278821,0
66.030296,0
121.148669,0
170.002941,0
195.010256,0
203.022166,0
207.195560,0
200.561711,0
195.829007,0
191.755052,0
188.767052,0
183.095603,0
177.552809,0
176.725776,0
172.490579,0
167.191507,0
159.113167,0
154.159009,0
140.174891,0
130.138388,0
112.111552,0
101.178061,0
97.185390,0
89.274856,0
78.313473,0
68.183576,0
62.032250,0
55.009090,0
50.358713,0
44.553339,0
45.221676,0
55.226805,0
80.993827,0
87.321246,0
103.812331,0
109.877204,0
119.553335,0
118.190524,0
114.634201,0
132.574507,0
140.616500,0
135.417872,0
125.896783,0
117.613775,0
111.413644,0
107.912001,0
85.000000,0
85.023526,0
77.006493,0
51.865210,0
19.104973,0
50.009999,0
80.024996,0
133.195345,0
142.045767,0
125.099960,0
100.244701,0
61.814238,0
32.310989,0
43.011626,0
102.610916,0
106.569226,0
35.440090,0
36.687873,0
98.412398,0
106.042444,0
87.235314,0
56.586217,0
41.048752,0
73.783467,0
141.039002,0
77.833155,0
117.834630,0
163.624570,0
127.455875,0
103.445638,0
51.224994,0
13.000000,0
149.214611,0
175.182762,0
180.601772,0
167.529102,0
121.037184,0
216.815590,0
235.934313,0
225.077764,0
221.110832,0
227.560981,0
203.747393,0
170.496334,0
148.313856,0
106.512910,0
52.345009,0
31.780497,0
63.560994,0
102.610916,0
133.180329,0
81.024688,0
82.975900,0
175.729906,0
225.568172,0
204.296353,0
193.209731,0
164.304595,0
148.660687,0
118.713942,0
81.786307,0
38.013156,0
31.384710,0
69.856997,0
124.951991,0
140.246212,0
121.297156,0
86.764048,0
206.194083,0
208.865986,0
179.254010,0
169.319225,0
151.211772,0
123.628476,0
82.225300,0
38.327536,0
15.620499,0
69.354164,0
120.415946,0
121.004132,0
51.244512,0
87.091905,0
200.062490,0
202.054448,0
174.771279,0
160.514797,0
137.818722,0
108.018517,0
70.256672,0
11.661904,0
58.000000,0
104.076895,0
116.211015,0
67.446275,0
96.254870,0
156.540730,0
190.044732,0
158.113883,0
142.467540,0
107.615055,0
99.297533,0
57.140179,0
34.132096,0
76.537572,0
107.935166,0
85.866175,0
74.094534,0
73.824115,0
141.031911,0
160.648685,0
154.155765,0
156.540730,0
119.854078,0
93.813645,0
63.780875,0
36.878178,0
63.505905,0
78.854296,0
55.973208,0
75.690158,0
113.569362,0
138.003623,0
163.981706,0
152.505738,0
130.357202,0
99.035347,0
73.006849,0
40.360872,0
31.890437,0
77.833155,0
95.036835,0
81.024688,0
44.102154,0
42.638011,0
61.294372,0
171.452617,0
169.189243,0
139.645981,0
124.482931,0
95.189285,0
61.911227,0
38.470768,0
18.384776,0
68.359345,0
133.734812,0
108.503456,0
86.005814,0
56.080300,0
168.404275,0
210.237960,0
179.738699,0
191.658551,0
164.684547,0
145.880088,0
113.296072,0
85.088190,0
56.727418,0
40.311289,0
16.643317,0
82.565126,0
134.123078,0
105.546198,0
62.585941,0
117.046999,0
206.194083,0
191.859323,0
185.283566,0
157.689568,0
136.693087,0
117.085439,0
97.493590,0
92.417531,0
67.535176,0
34.058773,0
66.030296,0
112.720894,0
101.965681,0
45.177428,0
172.800463,0
214.979069,0
209.353768,0
214.105114,0
210.297408,0
211.151604,0
205.387439,0
183.371208,0
151.792622,0
125.876924,0
108.977062,0
86.977008,0
90.757920,0
127.279221,0
161.471360,0
110.385687,0
125.255738,0
219.317122,0
223.080703,0
201.444782,0
196.977156,0
168.609015,0
147.566934,0
122.024588,0
103.711137,0
87.281155,0
95.273291,0
129.417928,0
186.386695,0
102.859127,0
146.819617,0
221.000000,0
215.081380,0
207.337888,0
192.301846,0
165.496224,0
135.723985,0
114.337221,0
94.936821,0
92.086915,0
106.943911,0
145.725770,0
140.035710,0
99.327740,0
136.488095,0
227.653245,0
235.091472,0
223.181540,0
218.240693,0
201.933157,0
176.400113,0
160.240444,0
133.124002,0
111.400180,0
104.004808,0
121.655251,0
149.402142,0
136.605271,0
106.920531,0
197.202941,0
212.132034,0
195.000000,0
185.550532,0
162.606888,0
141.873183,0
126.589889,0
119.682914,0
132.966161,0
157.098695,0
161.297861,0
168.240899,0
157.708592,0
160.461833,0
157.927198,0
143.338760,0
126.491106,0
123.967738,0
117.277449,0
110.163515,0
102.391406,0
84.970583,0
88.684835,0
88.684835,0
93.984041,0
92.135769,0
122.024588,0
93.338095,0
117.034183,0
118.067777,0
118.004237,0
185.002703,0
130.862523,0
211.101871,0
305.006557,0
178.179685,0
178.398430,0
181.044193,0
213.663287,0
227.178344,0
143.655839,0
48.836462,0
53.712196,0
101.533246,0
97.020616,0
91.400219,0
92.130342,0
109.142109,0
132.098448,0
123.794184,0
146.758305,0
164.805946,0
182.912547,0
202.743681,0
227.200352,0
251.007968,0
261.444067,0
271.442443,0
283.536594,0
274.650687,0
252.448014,0
252.833938,0
250.449596,0
252.115053,0
254.342289,0
253.298243,0
248.712686,0
250.121970,0
246.174735,0
244.233495,0
246.446749,0
243.829859,0
245.568728,0
243.402958,0
246.446749,0
249.839949,0
258.118190,0
263.036119,0
266.176633,0
273.424578,0
278.167216,0
253.001976,0
265.663321,0
240.104144,0
247.891105,0
241.002075,0
241.101638,0
243.462523,0
246.941289,0
259.092648,0
271.670757,0
276.739950,0
272.259068,0
275.804278,0
281.439159,0
272.148856,0
256.353272,0
240.759216,0
233.574399,0
229.712864,0
225.179928,0
220.227155,0
214.597297,0
215.232433,0
212.595861,0
210.447143,0
213.410403,0
208.482613,0
211.009478,0
208.389059,0
204.120063,0
205.360658,0
206.196508,0
202.829978,0
202.704218,0
210.535033,0
213.009389,0
230.627405,0
215.415877,0
205.679362,0
207.617437,0
204.919496,0
203.337158,0
200.179919,0
196.512086,0
197.223224,0
200.810856,0
200.489401,0
203.686033,0
203.730214,0
207.002415,0
208.520982,0
249.903982,0
237.002110,0
197.800404,0
194.010309,0
263.765047,0
286.232423,0
236.211769,0
233.053642,0
223.181540,0
218.146740,0
224.722051,0
223.647043,0
231.365512,0
237.002110,0
239.754041,0
251.230969,0
265.035847,0
289.806832,0
316.764897,0
280.508467,0
298.707215,0
343.914233,0
301.617307,0
273.411777,0
301.423290,0
345.615393,0
295.137256,0
280.331946,0
261.627598,0
256.758642,0
227.178344,0
200.591625,0
215.058132,0
221.822001,0
226.530351,0
229.444983,0
232.019396,0
230.521149,0
232.142198,0
229.002183,0
237.655212,0
234.763711,0
241.080899,0
243.304336,0
243.772435,0
247.455046,0
239.741527,0
235.732900,0
222.092323,0
216.520207,0
199.424171,0
155.167651,0
65.306967,0
36.221541,0
22.803509,0
15.264338,0
6.324555,0
30.066593,0
51.009803,0
63.324561,0
74.793048,0
90.443352,0
106.667708,0
110.751975,0
108.724422,0
106.174385,0
102.415819,0
98.792712,0
95.210294,0
90.249654,0
80.399005,0
70.936591,0
87.132084,0
108.171161,0
130.061524,0
161.697248,0
172.002907,0
171.163664,0
155.241747,0
166.436174,0
107.898100,0
119.205705,0
93.407708,0
101.911727,0
118.105885,0
126.150704,0
140.417235,0
131.825642,0
154.301653,0
98.994949,0
128.362767,0
103.097042,0
120.341182,0
167.720005,0
203.184645,0
214.114455,0
207.446379,0
191.018324,0
146.778745,0
114.542569,0
81.633327,0
75.153177,0
71.175839,0
71.168813,0
68.963759,0
61.400326,0
56.089215,0
47.074409,0
60.207973,0
52.345009,0
27.073973,0
22.803509,0
48.301139,0
62.649820,0
62.032250,0
54.129474,0
48.270074,0
45.221676,0
51.613952,0
56.356011,0
60.835845,0
60.008333,0
56.859476,0
48.754487,0
40.496913,0
31.890437,0
26.683328,0
28.635642,0
29.017236,0
30.016662,0
32.000000,0
33.060551,0
33.000000,0
32.000000,0
33.015148,0
34.000000,0
35.227830,0
37.483330,0
40.261644,0
42.379240,0
44.598206,0
43.011626,0
42.201896,0
42.755117,0
234.446156,0
235.227549,0
239.641399,0
244.517893,0
250.379712,0
251.177228,0
250.966133,0
251.286689,0
250.031998,0
249.002008,0
249.008032,0
248.008064,0
246.073160,0
245.130577,0
247.163913,0
253.160028,0
185.779439,0
127.200629,0
140.801278,0
171.478862,0
193.080294,0
197.436066,0
191.324332,0
180.227634,0
174.928557,0
229.512527,0
258.804946,0
253.023714,0
239.718585,0
224.075880,0
211.747491,0
202.632673,0
196.063765,0
191.908833,0
192.898937,0
236.326046,0
240.208243,0
229.715041,0
217.958712,0
234.648674,0
233.034332,0
221.515236,0
208.580920,0
192.418814,0
182.649938,0
190.874304,0
216.910120,0
247.418674,0
268.931218,0
292.658504,0
321.628668,0
327.665988,0
298.718931,0
273.642102,0
255.765518,0
256.844311,0
238.415604,0
224.984444,0
223.707398,0
214.555354,0
217.800367,0
232.422030,0
245.409861,0
252.622248,0
250.233891,0
251.747890,0
234.104677,0
223.660457,0
184.954048,0
167.242339,0
162.984662,0
158.473973,0
155.167651,0
153.052279,0
155.029030,0
160.012500,0
164.477962,0
173.611636,0
190.960729,0
221.686716,0
236.619948,0
244.321509,0
245.660335,0
239.175668,0
231.918089,0
232.245560,0
233.212350,0
232.142198,0
230.867928,0
234.181554,0
238.000000,0
237.472104,0
179.359973,0
191.253758,0
199.288735,0
217.186556,0
235.308308,0
244.247825,0
245.155053,0
198.363303,0
184.097800,0
98.270036,0
64.498062,0
147.492373,0
195.576072,0
228.265197,0
217.497126,0
215.522621,0
178.070211,0
152.000000,0
118.152444,0
81.055537,0
22.472205,0
43.174066,0
98.127468,0
143.223601,0
166.048186,0
176.011363,0
172.011628,0
161.152102,0
129.034879,0
110.072703,0
103.174609,0
90.271812,0
97.416631,0
86.833173,0
92.655275,0
96.628153,0
100.179838,0
104.235311,0
103.121288,0
77.006493,0
14.317821,0
78.409183,0
155.630974,0
189.060837,0
197.017766,0
185.310550,0
167.585799,0
144.156165,0
121.297156,0
99.020200,0
88.391176,0
85.094066,0
96.046864,0
98.615415,0
105.171289,0
108.226614,0
119.151164,0
122.331517,0
121.498971,0
113.991228,0
87.475711,0
35.355339,0
45.694639,0
119.079805,0
172.284648,0
192.010416,0
208.240246,0
207.696895,0
185.873613,0
179.747044,0
131.848398,0
109.553640,0
96.083297,0
82.024387,0
100.404183,0
136.297469,0
148.121572,0
149.120756,0
132.136293,0
88.000000,0
11.000000,0
78.160092,0
150.119952,0
180.399557,0
188.597455,0
182.989071,0
164.222410,0
135.484316,0
89.988888,0
51.623638,0
31.906112,0
28.635642,0
23.706539,0
18.439089,0
18.439089,0
16.124515,0
11.704700,0
5.656854,0
5.000000,0
5.000000,0
6.324555,0
6.082763,0
7.071068,0
6.082763,0
6.082763,0
8.062258,0
10.049876,0
12.165525,0
12.165525,0
11.704700,0
21.587033,0
59.539903,0
118.105885,0
170.105849,0
200.062490,0
220.102249,0
228.354987,0
205.623442,0
141.003546,0
6.708204,0
134.003731,0
207.060378,0
208.345866,0
187.259179,0
163.082801,0
143.840189,0
170.880075,0
188.663722,0
186.967912,0
178.488095,0
146.509385,0
114.982607,0
89.470666,0
88.684835,0
95.524866,0
96.834911,0
115.965512,0
132.098448,0
136.400147,0
143.892321,0
150.029997,0
148.030402,0
141.003546,0
110.040901,0
103.237590,0
114.586212,0
124.919974,0
127.632284,0
132.502830,0
138.924440,0
161.245155,0
164.915130,0
156.540730,0
154.719100,0
161.245155,0
144.222051,0
112.040171,0
82.000000,0
40.792156,0
12.000000,0
19.697716,0
32.756679,0
44.045431,0
73.061618,0
110.290525,0
157.203690,0
200.202398,0
241.018671,0
265.092437,0
260.491842,0
266.692707,0
255.039213,0
253.789283,0
244.182309,0
250.059993,0
248.471326,0
244.989796,0
254.385534,0
249.162598,0
247.099170,0
235.019148,0
236.019067,0
231.624696,0
201.950489,0
173.415686,0
154.029218,0
139.140217,0
123.664870,0
103.730420,0
72.718636,0
46.957428,0
69.971423,0
116.468880,0
163.232962,0
188.215302,0
198.909527,0
183.521116,0
150.216510,0
128.736164,0
109.931797,0
93.407708,0
100.424101,0
121.655251,0
137.320792,0
146.540097,0
137.480908,0
99.864909,0
83.862983,0
88.102213,0
126.668860,0
164.830216,0
194.465935,0
214.785940,0
216.667949,0
191.376592,0
159.201131,0
118.928550,0
99.368003,0
76.557168,0
75.960516,0
82.492424,0
90.022219,0
91.005494,0
85.052925,0
70.028566,0
49.010203,0
23.194827,0
8.485281,0
20.615528,0
42.047592,0
61.032778,0
79.158070,0
85.375641,0
85.475143,0
74.813100,0
61.000000,0
38.600518,0
16.278821,0
12.083046,0
11.401754,0
5.830952,0
4.000000,0
5.000000,0
5.830952,0
4.123106,0
2.000000,0
2.828427,0
5.830952,0
7.280110,0
8.544004,0
7.615773,0
6.708204,0
5.385165,0
5.000000,0
5.000000,0
6.708204,0
8.944272,0
14.866069,0
16.763055,0
15.524175,0
16.278821,0
17.464249,0
140.545366,0
129.375423,0
145.013792,0
183.142021,0
219.658826,0
193.961336,0
126.178445,0
37.802116,0
92.070625,0
107.856386,0
120.303782,0
152.463110,0
169.805771,0
149.375366,0
146.372812,0
208.403455,0
202.743681,0
266.152212,0
228.674441,0
112.414412,0
119.205705,0
115.208507,0
112.800709,0
104.235311,0
92.655275,0
86.371292,0
130.188325,0
48.754487,0
10.816654,0
2.828427,0
4.123106,0
3.162278,0
4.472136,0
7.280110,0
5.830952,0
7.280110,0
6.403124,0
7.280110,0
5.830952,0
7.615773,0
5.830952,0
7.280110,0
6.324555,0
7.615773,0
7.211103,0
6.403124,0
7.615773,0
19.235384,0
28.071338,0
230.325856,0
224.082574,0
233.828997,0
229.340358,0
174.977141,0
134.402381,0
103.247276,0
83.486526,0
58.258047,0
40.607881,0
39.623226,0
38.078866,0
45.705580,0
58.189346,0
84.403791,0
119.004202,0
143.558351,0
154.935470,0
161.523992,0
148.822041,0
117.046999,0
92.574294,0
81.024688,0
82.764727,0
88.588938,0
95.692215,0
100.603181,0
95.131488,0
93.230896,0
104.009615,0
125.399362,0
153.388396,0
242.012396,0
237.227739,0
238.430283,0
229.368699,0
197.202941,0
83.630138,0
73.756356,0
124.326184,0
129.807550,0
128.082005,0
107.205410,0
79.605276,0
44.821870,0
42.449971,0
60.811183,0
85.164547,0
115.277925,0
149.642908,0
154.379403,0
133.090195,0
129.988461,0
89.358827,0
68.410526,0
42.047592,0
44.944410,0
36.124784,0
36.069378,0
31.890437,0
31.144823,0
29.832868,0
34.132096,0
45.880279,0
74.966659,0
111.220502,0
151.029798,0
184.328511,0
200.104972,0
198.841646,0
192.052076,0
179.888855,0
181.463495,0
159.665275,0
162.788206,0
145.993151,0
156.626945,0
153.551294,0
132.457540,0
70.092796,0
20.099751,0
70.576200,0
130.418557,0
180.878412,0
225.621364,0
251.246891,0
258.853240,0
236.541751,0
179.471446,0
150.402793,0
125.399362,0
121.202310,0
113.017698,0
116.275535,0
125.399362,0
131.240238,0
132.849539,0
125.131930,0
122.641755,0
117.720007,0
92.227978,0
63.134776,0
68.876701,0
93.391648,0
124.579292,0
143.282937,0
163.248277,0
170.557908,0
130.049990,0
67.082039,0
22.360680,0
116.361506,0
203.482186,0
174.633903,0
93.107465,0
170.299736,0
188.732615,0
137.615406,0
110.000000,0
56.302753,0
58.694122,0
46.872167,0
47.759816,0
47.634021,0
49.091751,0
55.362442,0
57.271284,0
54.918121,0
69.856997,0
107.786827,0
152.118375,0
177.721693,0
170.695636,0
154.719100,0
129.988461,0
123.967738,0
85.158675,0
56.142675,0
38.013156,0
10.440307,0
28.160256,0
62.513998,0
89.805345,0
110.290525,0
131.244047,0
149.753130,0
156.160174,0
150.615404,0
155.029030,0
129.522199,0
104.694795,0
66.483081,0
51.884487,0
43.600459,0
35.468296,0
20.518285,0
18.384776,0
15.556349,0
7.280110,0
6.082763,0
4.123106,0
5.385165,0
2.000000,0
1.414214,0
5.000000,0
7.810250,0
4.123106,0
79.649231,0
81.215762,0
79.202273,0
79.246451,0
84.219950,0
86.977008,0
86.371292,0
83.630138,0
84.646323,0
78.816242,0
56.364883,0
42.426407,0
30.016662,0
32.756679,0
30.463092,0
30.870698,0
30.870698,0
30.083218,0
31.384710,0
27.294688,0
28.653098,0
27.892651,0
30.066593,0
31.780497,0
34.132096,0
51.224994,0
78.294317,0
112.004464,0
142.003521,0
165.520391,0
174.140748,0
172.467388,0
159.590100,0
112.361025,0
116.361506,0
129.468143,0
126.846364,0
117.618026,0
106.329676,0
99.809819,0
85.276022,0
59.396970,0
23.021729,0
48.373546,0
90.005555,0
111.018017,0
117.630778,0
108.811764,0
94.254973,0
77.884530,0
76.157731,0
102.181212,0
134.391220,0
163.783394,0
178.664490,0
198.285148,0
191.062817,0
188.289670,0
173.441633,0
105.990566,0
90.443352,0
72.945185,0
48.918299,0
39.962482,0
33.955854,0
35.355339,0
39.824616,0
48.166378,0
53.740115,0
53.758720,0
55.226805,0
63.253458,0
74.632433,0
85.211502,0
107.070071,0
148.070929,0
190.436341,0
191.018324,0
147.800541,0
132.981202,0
95.189285,0
106.470653,0
161.003106,0
177.070607,0
163.517583,0
131.973482,0
126.289350,0
102.181212,0
70.837843,0
58.523500,0
57.384667,0
61.522354,0
63.253458,0
64.202804,0
65.513357,0
70.178344,0
70.235319,0
73.348483,0
65.764732,0
56.603887,0
45.453273,0
40.459857,0
36.359318,0
35.355339,0
36.715120,0
40.816663,0
43.566042,0
47.707442,0
55.217751,0
59.203040,0
66.068147,0
75.166482,0
83.815273,0
102.552426,0
186.967912,0
220.383756,0
260.301748,0
295.386188,0
345.973987,0
308.079535,0
271.447969,0
242.989712,0
227.107904,0
193.352011,0
131.548470,0
91.831367,0
80.156098,0
71.847060,0
53.037722,0
51.419841,0
15.000000,0
26.476405,0
36.619667,0
49.040799,0
49.010203,0
49.091751,0
49.091751,0
49.091751,0
49.254441,0
50.487622,0
48.259714,0
47.095647,0
47.042534,0
44.102154,0
44.283180,0
45.880279,0
54.918121,0
62.369865,0
70.035705,0
84.172442,0
85.615419,0
73.979727,0
67.357256,0
61.911227,0
50.931326,0
40.816663,0
27.313001,0
29.832868,0
26.305893,0
27.294688,0
25.495098,0
25.317978,0
24.020824,0
25.000000,0
24.083189,0
25.961510,0
30.675723,0
44.283180,0
51.429563,0
57.140179,0
66.640828,0
88.391176,0
109.658561,0
147.105404,0
165.302753,0
177.138364,0
173.233946,0
152.839785,0
149.856598,0
178.619708,0
202.891597,0
219.544984,0
236.414890,0
237.303603,0
234.625233,0
251.793566,0
221.939181,0
178.263849,0
134.892550,0
64.637450,0
36.055513,0
55.946403,0
111.758669,0
176.002841,0
231.700237,0
276.631524,0
298.827710,0
289.691215,0
281.044480,0
270.001852,0
261.017241,0
215.522621,0
176.238475,0
170.484603,0
158.069605,0
143.610585,0
140.292551,0
89.453899,0
39.357337,0
52.392748,0
96.020831,0
133.869339,0
164.830216,0
184.629358,0
220.621848,0
186.024192,0
142.358702,0
123.036580,0
60.207973,0
31.764760,0
85.842880,0
134.346567,0
179.446371,0
211.624668,0
213.377600,0
187.010695,0
141.650980,0
80.653580,0
35.057096,0
33.376639,0
72.917762,0
133.701159,0
207.562039,0
262.213653,0
270.977859,0
231.780068,0
119.000000,0
17.262677,0
102.122475,0
190.168346,0
156.588633,0
135.635541,0
120.602653,0
131.928011,0
151.647618,0
141.152400,0
75.239617,0
42.011903,0
66.400301,0
86.371292,0
96.046864,0
99.403219,0
99.322706,0
93.776330,0
91.093359,0
73.545904,0
50.009999,0
13.416408,0
28.160256,0
75.026662,0
107.074740,0
144.170038,0
158.316139,0
149.090576,0
130.816666,0
101.513546,0
79.202273,0
68.963759,0
70.576200,0
82.036577,0
90.088845,0
93.134312,0
82.492424,0
73.681748,0
62.968246,0
54.571055,0
64.498062,0
57.688820,0
60.827625,0
51.884487,0
50.596443,0
52.201533,0
59.464275,0
71.867934,0
66.241981,0
38.832976,0
34.058773,0
52.009614,0
59.076222,0
57.070132,0
49.162994,0
40.049969,0
29.068884,0
24.083189,0
18.248288,0
15.264338,0
10.295630,0
8.544004,0
4.472136,0
7.615773,0
7.615773,0
8.062258,0
6.403124,0
8.062258,0
13.601471,0
21.587033,0
16.000000,0
27.000000,0
36.221541,0
33.060551,0
24.000000,0
33.136083,0
34.058773,0
31.016125,0
27.073973,0
38.013156,0
38.118237,0
35.057096,0
30.149627,0
29.427878,0
37.483330,0
28.442925,0
27.073973,0
28.017851,0
32.062439,0
30.066593,0
19.000000,0
22.203603,0
29.068884,0
22.360680,0
13.928388,0
26.076810,0
26.000000,0
16.552945,0
8.062258,0
19.313208,0
23.769729,0
13.892444,0
10.000000,0
22.803509,0
21.931712,0
13.601471,0
4.242641,0
16.552945,0
22.360680,0
8.602325,0
7.810250,0
22.803509,0
13.453624,0
11.180340,0
16.124515,0
23.430749,0
13.038405,0
11.704700,0
12.041595,0
23.430749,0
12.649111,0
41.012193,0
47.095647,0
47.169906,0
57.558666,0
69.050706,0
95.351980,0
137.295302,0
175.581890,0
197.686621,0
192.106741,0
163.413586,0
140.630722,0
113.371072,0
85.428333,0
71.840100,0
60.216277,0
48.826222,0
38.897301,0
32.202484,0
23.853721,0
19.723083,0
15.652476,0
10.000000,0
2.828427,0
10.000000,0
26.925824,0
57.801384,0
95.273291,0
121.457812,0
141.014184,0
164.575211,0
172.803356,0
152.741612,0
142.393820,0
119.239255,0
107.707938,0
89.627005,0
80.603970,0
53.366656,0
51.855569,0
58.309519,0
76.941536,0
87.022985,0
98.005102,0
100.005000,0
100.244701,0
92.574294,0
80.006250,0
61.057350,0
57.008771,0
57.008771,0
55.659680,0
64.007812,0
89.537702,0
129.973074,0
175.855054,0
204.707108,0
211.442664,0
211.992924,0
202.311641,0
193.209731,0
170.188131,0
161.152102,0
169.499263,0
185.690603,0
194.550765,0
196.540072,0
189.560017,0
159.702849,0
121.202310,0
65.764732,0
38.288379,0
81.301906,0
128.097619,0
177.476759,0
196.651977,0
228.107431,0
197.002538,0
227.490659,0
198.436388,0
190.412710,0
177.910090,0
170.883001,0
154.304893,0
133.330417,0
104.000000,0
65.306967,0
88.238314,0
122.641755,0
154.547727,0
170.836179,0
203.541151,0
219.665655,0
221.045244,0
208.676784,0
172.409396,0
140.801278,0
108.166538,0
69.079664,0
67.720012,0
61.188234,0
61.032778,0
53.150729,0
33.241540,0
21.540659,0
34.525353,0
16.031220,0
10.816654,0
27.784888,0
45.694639,0
59.203040,0
76.295478,0
92.541882,0
109.293184,0
116.275535,0
158.533908,0
162.443836,0
155.261070,0
110.163515,0
82.200973,0
73.389373,0
44.598206,0
34.205263,0
36.400549,0
41.880783,0
45.343136,0
49.517674,0
51.662365,0
54.488531,0
57.384667,0
58.898217,0
56.612719,0
54.561891,0
55.317267,0
64.629715,0
84.864598,0
104.656581,0
112.294256,0
106.329676,0
92.417531,0
84.219950,0
76.419893,0
61.554854,0
46.400431,0
29.068884,0
20.615528,0
8.062258,0
9.000000,0
22.203603,0
43.863424,0
64.637450,0
91.241438,0
127.224212,0
159.100597,0
187.010695,0
203.690942,0
200.900473,0
192.010416,0
160.801119,0
146.996599,0
148.000000,0
147.383853,0
150.685102,0
150.525745,0
157.543645,0
162.855764,0
156.080108,0
136.952547,0
116.468880,0
97.128780,0
79.881162,0
68.095521,0
62.265560,0
54.037024,0
43.829214,0
40.360872,0
41.231056,0
40.360872,0
37.483330,0
31.890437,0
28.425341,0
27.202941,0
24.083189,0
23.853721,0
25.238859,0
25.495098,0
22.847319,0
22.803509,0
23.194827,0
24.083189,0
18.681542,0
19.416488,0
23.769729,0
24.331050,0
18.681542,0
20.099751,0
24.186773,0
19.209373,0
20.518285,0
21.400935,0
24.083189,0
13.453624,0
18.439089,0
27.586228,0
30.479501,0
20.808652,0
18.357560,0
19.313208,0
18.027756,0
18.027756,0
9.000000,0
13.601471,0
28.460499,0
53.758720,0
66.753277,0
72.443081,0
83.384651,0
83.294658,0
75.059976,0
68.007353,0
63.071388,0
55.731499,0
41.785165,0
57.801384,0
68.095521,0
78.390050,0
85.146932,0
91.547802,0
90.553851,0
87.692645,0
79.931220,0
68.680419,0
61.717096,0
53.037722,0
51.224994,0
52.153619,0
50.606324,0
53.712196,0
55.713553,0
57.870545,0
54.083269,0
42.154478,0
25.238859,0
18.788294,0
16.552945,0
16.278821,0
15.297059,0
16.278821,0
15.033296,0
14.560220,0
14.035669,0
15.132746,0
15.033296,0
17.117243,0
18.439089,0
23.537205,0
42.011903,0
78.230429,0
127.475488,0
178.474088,0
228.035085,0
245.521893,0
219.209945,0
177.386583,0
138.079687,0
77.620873,0
30.000000,0
48.548944,0
112.969022,0
181.000000,0
233.173755,0
255.001961,0
241.018671,0
236.135554,0
195.002564,0
159.078597,0
134.082064,0
120.838736,0
158.619040,0
203.157574,0
189.002645,0
180.099972,0
175.641681,0
138.924440,0
89.498603,0
44.821870,0
38.078866,0
65.855903,0
91.021975,0
112.893755,0
135.428948,0
156.604598,0
174.622450,0
171.703232,0
161.276161,0
138.600144,0
126.574089,0
116.691902,0
105.380264,0
100.603181,0
88.232647,0
62.481997,0
43.908997,0
8.246211,0
35.440090,0
82.492424,0
125.896783,0
178.734440,0
234.565556,0
256.517056,0
238.398826,0
198.587512,0
136.484431,0
74.632433,0
38.626416,0
6.708204,0
54.129474,0
108.848519,0
160.440020,0
205.431254,0
267.525700,0
293.945573,0
294.307662,0
280.017857,0
247.929425,0
218.160491,0
184.621234,0
168.869772,0
159.965621,0
163.085867,0
167.083811,0
163.783394,0
151.076140,0
132.018938,0
102.615788,0
72.801099,0
71.554175,0
70.661163,0
74.094534,0
62.968246,0
56.462377,0
70.000000,0
93.770998,0
123.693169,0
140.132081,0
154.638288,0
172.800463,0
161.058995,0
133.869339,0
119.104996,0
137.931142,0
176.173210,0
211.303100,0
245.839378,0
269.824017,0
277.650860,0
266.092089,0
244.180261,0
163.682620,0
131.928011,0
111.606451,0
101.911727,0
89.442719,0
87.726849,0
88.752465,0
94.704805,0
94.921020,0
89.453899,0
75.059976,0
190.118384,0
200.084982,0
200.481919,0
182.781290,0
164.109719,0
149.933319,0
171.685759,0
185.302455,0
158.218204,0
96.260064,0
43.863424,0
59.211485,0
74.672619,0
67.178866,0
60.440053,0
57.688820,0
51.894123,0
42.379240,0
18.357560,0
1.414214,0
10.000000,0
12.806248,0
15.620499,0
18.601075,0
18.439089,0
25.019992,0
44.598206,0
60.415230,0
46.227697,0
69.065187,0
48.010416,0
45.188494,0
17.262677,0
25.000000,0
99.247166,0
167.863039,0
231.365512,0
267.977611,0
278.346906,0
248.917657,0
150.960260,0
38.832976,0
64.288413,0
109.658561,0
105.118980,0
82.389320,0
39.623226,0
55.785303,0
80.324343,0
102.591423,0
116.155069,0
107.517440,0
86.452299,0
64.202804,0
102.956301,0
166.832251,0
242.002066,0
277.704879,0
278.861973,0
239.754041,0
145.646833,0
74.545288,0
112.361025,0
96.509067,0
58.137767,0
31.575307,0
54.817880,0
72.470684,0
71.589105,0
64.560050,0
52.630789,0
38.897301,0
69.462220,0
158.619040,0
306.471858,0
285.259531,0
177.685115,0
38.600518,0
166.928128,0
210.261742,0
207.067622,0
160.078106,0
77.103826,0
26.248809,0
93.557469,0
178.717654,0
264.425793,0
297.430664,0
308.366665,0
286.372136,0
167.370846,0
82.540899,0
36.796739,0
78.102497,0
89.944427,0
83.198558,0
58.189346,0
35.227830,0
19.000000,0
10.630146,0
17.000000,0
32.310989,0
67.119297,0
128.160056,0
222.912539,0
294.450335,0
216.000000,0
310.161248,0
248.917657,0
195.780489,0
167.334993,0
104.235311,0
58.189346,0
51.000000,0
46.754679,0
40.804412,0
47.010637,0
51.419841,0
48.466483,0
46.754679,0
42.638011,0
61.294372,0
97.493590,0
149.217961,0
182.784026,0
201.019900,0
161.443489,0
117.643529,0
174.347354,0
222.892351,0
253.160028,0
232.355331,0
165.435788,0
63.324561,0
66.640828,0
181.868084,0
218.798995,0
207.894204,0
150.206524,0
70.830784,0
207.118324,0
211.116082,0
184.610401,0
96.420952,0
13.928388,0
127.015747,0
201.089532,0
195.041021,0
194.370780,0
47.265209,0
115.108644,0
202.061872,0
189.042323,0
152.013157,0
67.067131,0
47.381431,0
159.452187,0
204.296353,0
184.390889,0
92.541882,0
46.270941,0
145.086181,0
149.030198,0
128.015624,0
79.000000,0
16.278821,0
67.119297,0
124.326184,0
133.540256,0
117.515956,0
86.284413,0
11.045361,0
82.036577,0
110.168053,0
124.169239,0
109.658561,0
62.393910,0
25.942244,0
88.526832,0
122.576507,0
125.717938,0
94.641429,0
37.536649,0
41.880783,0
76.655072,0
77.006493,0
64.195015,0
45.541190,0
13.892444,0
30.463092,0
43.416587,0
43.416587,0
47.074409,0
47.074409,0
42.059482,0
25.238859,0
17.804494,0
12.165525,0
11.401754,0
9.219544,0
9.219544,0
10.816654,0
10.816654,0
12.041595,0
12.806248,0
13.453624,0
14.866069,0
21.189620,0
42.107007,0
75.133215,0
106.737997,0
132.815662,0
136.124943,0
83.815273,0
53.814496,0
90.249654,0
102.591423,0
93.343452,0
77.233412,0
28.442925,0
21.377558,0
69.028979,0
82.054860,0
92.086915,0
82.097503,0
24.186773,0
22.360680,0
41.109610,0
37.121422,0
37.215588,0
41.109610,0
29.154759,0
25.079872,0
11.045361,0
1.000000,0
12.041595,0
17.117243,0
21.023796,0
23.000000,0
21.000000,0
23.021729,0
21.023796,0
21.023796,0
18.027756,0
9.055385,0
9.433981,0
39.319207,0
75.006666,0
99.126182,0
90.669730,0
62.641839,0
33.241540,0
29.154759,0
35.777088,0
34.481879,0
35.468296,0
25.000000,0
15.000000,0
7.280110,0
7.615773,0
5.099020,0
2.828427,0
22.803509,0
72.006944,0
119.218287,0
157.457931,0
181.466250,0
182.989071,0
174.942848,0
97.082439,0
21.400935,0
74.148500,0
80.411442,0
77.466122,0
64.031242,0
34.539832,0
16.155494,0
22.472205,0
76.478755,0
179.724790,0
303.209499,0
268.560980,0
259.106156,0
213.564978,0
120.602653,0
42.107007,0
90.801982,0
120.066648,0
120.668969,0
114.236597,0
66.730802,0
6.324555,0
29.154759,0
37.161808,0
40.853396,0
36.235342,0
33.837849,0
27.658633,0
24.698178,0
20.396078,0
19.000000,0
18.439089,0
17.464249,0
17.720045,0
27.730849,0
51.312766,0
109.895405,0
183.575598,0
230.034780,0
206.874358,0
166.868211,0
148.030402,0
84.000000,0
5.656854,0
38.118237,0
73.334848,0
79.056942,0
71.028163,0
51.156622,0
21.000000,0
11.704700,0
4.472136,0
10.295630,0
12.165525,0
10.049876,0
12.206556,0
48.507731,0
134.212518,0
194.283298,0
175.148508,0
124.233651,0
53.037722,0
59.093147,0
116.841773,0
148.013513,0
129.189783,0
116.726175,0
64.195015,0
105.801701,0
120.813906,0
88.283634,0
41.231056,0
24.839485,0
38.483763,0
49.979996,0
52.810984,0
53.758720,0
47.759816,0
34.985711,0
17.492856,0
32.695565,0
41.484937,0
21.189620,0
29.410882,0
94.366308,0
160.853971,0
209.668786,0
221.677694,0
139.463257,0
125.195847,0
107.042048,0
53.150729,0
21.954498,0
88.073833,0
108.046286,0
125.131930,0
111.085553,0
54.405882,0
53.009433,0
100.895986,0
93.557469,0
93.770998,0
69.720872,0
26.570661,0
14.317821,0
36.345564,0
58.137767,0
66.121101,0
65.069194,0
54.037024,0
40.311289,0
14.866069,0
55.036352,0
50.039984,0
54.037024,0
42.000000,0
19.026298,0
2.236068,0
8.062258,0
12.165525,0
16.031220,0
16.031220,0
18.000000,0
16.031220,0
17.000000,0
17.029386,0
16.124515,0
16.124515,0
14.142136,0
10.198039,0
4.123106,0
32.249031,0
67.082039,0
89.269256,0
79.831072,0
35.468296,0
12.206556,0
42.755117,0
50.635956,0
53.935146,0
44.011362,0
77.369245,0
164.368488,0
227.853023,0
239.175668,0
169.008876,0
101.833197,0
39.293765,0
68.593003,0
109.238272,0
114.162165,0
109.931797,0
71.847060,0
43.462628,0
47.010637,0
41.880783,0
38.897301,0
132.015151,0
198.022726,0
221.002262,0
185.043238,0
141.056726,0
108.342051,0
39.560081,0
13.453624,0
2.828427,0
22.803509,0
51.546096,0
74.040529,0
82.969874,0
82.565126,0
109.114619,0
87.051709,0
51.088159,0
1.000000,0
43.185646,0
102.259474,0
176.920886,0
277.893865,0
281.177880,0
278.088116,0
252.448014,0
106.901824,0
56.859476,0
148.788440,0
179.136819,0
162.000000,0
132.185476,0
63.071388,0
6.403124,0
50.159745,0
60.207973,0
61.073726,0
56.142675,0
40.311289,0
19.000000,0
6.082763,0
2.236068,0
5.000000,0
13.601471,0
41.400483,0
54.918121,0
59.405387,0
74.793048,0
109.931797,0
153.574086,0
171.353436,0
135.712932,0
89.196412,0
41.677332,0
45.803930,0
64.007812,0
99.297533,0
153.013071,0
209.403916,0
249.649755,0
211.603403,0
111.830228,0
43.829214,0
152.800524,0
243.823707,0
280.117832,0
297.060600,0
212.249853,0
74.946648,0
110.693270,0
210.280765,0
244.106534,0
233.343095,0
164.684547,0
76.000000,0
23.769729,0
96.026038,0
151.558570,0
190.002632,0
185.043238,0
116.520384,0
13.892444,0
113.000000,0
221.226129,0
240.299813,0
184.878338,0
44.271887,0
108.018517,0
204.244951,0
239.018828,0
252.642039,0
145.120639,0
41.048752,0
230.000000,0
300.000000,0
300.081656,0
196.573142,0
9.055385,0
190.002632,0
245.203997,0
202.869416,0
239.033470,0
140.032139,0
2.828427,0
151.003311,0
261.007663,0
285.007017,0
280.016071,0
191.094218,0
83.096330,0
22.022716,0
107.074740,0
119.004202,0
114.017543,0
87.022985,0
22.825424,0
31.144823,0
35.608988,0
37.013511,0
41.400483,0
39.204592,0
30.594117,0
37.735925,0
57.245087,0
75.927597,0
90.138782,0
98.954535,0
105.759160,0
96.420952,0
180.413414,0
229.436266,0
193.940713,0
136.367151,0
43.863424,0
94.593869,0
219.865868,0
241.323434,0
247.455046,0
302.552475,0
152.882308,0
200.142449,0
238.403020,0
258.213090,0
160.561515,0
94.810337,0
126.921235,0
122.702893,0
104.785495,0
65.299311,0
47.423623,0
77.233412,0
75.822160,0
76.843998,0
54.378304,0
7.071068,0
12.727922,0
46.690470,0
39.560081,0
55.973208,0
51.662365,0
42.047592,0
27.166155,0
7.211103,0
4.242641,0
5.385165,0
7.000000,0
7.615773,0
6.082763,0
17.029386,0
24.351591,0
41.109610,0
57.870545,0
80.006250,0
87.091905,0
81.123363,0
64.404969,0
50.119856,0
26.076810,0
6.403124,0
4.472136,0
8.062258,0
8.062258,0
7.000000,0
5.656854,0
7.615773,0
11.704700,0
15.652476,0
20.248457,0
24.413111,0
28.600699,0
31.384710,0
34.014703,0
37.336309,0
39.395431,0
40.249224,0
23.430749,0
17.262677,0
22.022716,0
22.022716,0
23.345235,0
25.495098,0
24.758837,0
26.907248,0
26.172505,0
28.425341,0
32.202484,0
31.622777,0
38.275318,0
74.202426,0
111.359777,0
134.461891,0
120.933866,0
25.000000,0
137.131324,0
203.541151,0
209.613931,0
181.176709,0
88.323270,0
35.227830,0
163.110392,0
115.260574,0
181.592951,0
244.965304,0
233.137299,0
213.190056,0
157.470632,0
202.232539,0
287.501304,0
134.182711,0
277.259806,0
169.543505,0
70.936591,0
55.803226,0
98.127468,0
124.663547,0
150.585524,0
155.794737,0
128.844868,0
92.779308,0
31.256999,0
116.468880,0
169.094648,0
191.880171,0
172.177234,0
114.825955,0
42.190046,0
77.524190,0
158.268759,0
202.704218,0
211.811237,0
182.386951,0
50.990195,0
173.173324,0
226.973567,0
218.515446,0
187.600640,0
112.641023,0
26.000000,0
84.148678,0
168.502226,0
191.128229,0
182.274518,0
145.031031,0
13.892444,0
162.049375,0
182.024724,0
162.012345,0
122.065556,0
50.249378,0
39.051248,0
114.039467,0
151.330764,0
151.558570,0
129.015503,0
11.401754,0
123.199026,0
176.045449,0
137.032843,0
86.209048,0
6.708204,0
76.000000,0
112.218537,0
101.493842,0
97.082439,0
18.681542,0
33.000000,0
75.006666,0
72.000000,0
63.007936,0
38.000000,0
5.830952,0
21.540659,0
31.048349,0
35.510562,0
34.365681,0
34.234486,0
30.413813,0
18.681542,0
4.000000,0
18.601075,0
18.384776,0
21.095023,0
22.472205,0
22.135944,0
23.537205,0
21.587033,0
24.186773,0
26.076810,0
26.476405,0
27.658633,0
24.083189,0
16.155494,0
10.816654,0
8.602325,0
5.385165,0
7.280110,0
9.486833,0
8.944272,0
7.615773,0
7.071068,0
10.630146,0
15.811388,0
19.235384,0
22.360680,0
24.166092,0
22.360680,0
17.888544,0
17.464249,0
18.788294,0
15.652476,0
10.770330,0
11.401754,0
14.142136,0
16.124515,0
13.038405,0
10.049876,0
9.219544,0
6.708204,0
5.099020,0
7.071068,0
9.055385,0
9.433981,0
8.485281,0
8.602325,0
9.433981,0
11.401754,0
10.770330,0
10.770330,0
13.453624,0
23.706539,0
35.227830,0
33.600595,0
25.961510,0
57.775427,0
101.636608,0
142.555252,0
151.198545,0
85.726309,0
117.477657,0
218.449079,0
220.145406,0
197.022841,0
101.079177,0
3.162278,0
113.110565,0
184.043473,0
193.023315,0
174.140748,0
56.718604,0
134.301899,0
182.175739,0
142.088001,0
78.102497,0
1.414214,0
68.029405,0
112.218537,0
105.304321,0
117.273185,0
28.160256,0
32.249031,0
83.024093,0
87.091905,0
79.025312,0
63.007936,0
28.460499,0
22.803509,0
56.302753,0
66.940272,0
71.196910,0
68.066144,0
42.201896,0
14.212670,0
34.205263,0
29.154759,0
33.376639,0
34.132096,0
30.265492,0
20.880613,0
10.295630,0
2.000000,0
5.830952,0
5.385165,0
3.605551,0
4.123106,0
13.416408,0
17.000000,0
15.524175,0
17.464249,0
18.681542,0
16.492423,0
12.369317,0
10.770330,0
11.180340,0
8.246211,0
3.162278,0
1.414214,0
2.236068,0
2.828427,0
3.605551,0
9.219544,0
7.000000,0
36.249138,0
70.604532,0
87.641314,0
72.615425,0
20.000000,0
90.271812,0
166.192659,0
188.066478,0
144.086779,0
70.028566,0
50.635956,0
139.359248,0
200.721200,0
200.442012,0
169.168555,0
64.195015,0
85.005882,0
176.479461,0
185.326738,0
114.157786,0
2.000000,0
80.024996,0
108.004630,0
109.073370,0
92.913939,0
21.587033,0
49.162994,0
84.380092,0
89.677199,0
73.552702,0
43.737855,0
9.219544,0
10.295630,0
17.204651,0
27.658633,0
45.803930,0
63.702433,0
77.233412,0
78.816242,0
65.299311,0
34.176015,0
34.132096,0
53.935146,0
57.428216,0
65.276336,0
44.283180,0
20.880613,0
14.035669,0
18.027756,0
21.954498,0
19.798990,0
22.671568,0
22.022716,0
21.213203,0
24.839485,0
28.319605,0
33.970576,0
40.360872,0
51.662365,0
53.037722,0
137.905765,0
148.922799,0
156.984076,0
165.680415,0
168.680171,0
131.700418,0
47.169906,0
16.492423,0
82.365041,0
88.323270,0
103.768974,0
96.041658,0
77.466122,0
52.478567,0
38.470768,0
40.049969,0
39.293765,0
39.560081,0
38.626416,0
41.340053,0
39.924930,0
67.416615,0
145.773797,0
229.895628,0
286.272597,0
311.207326,0
299.312546,0
260.432333,0
232.131428,0
170.496334,0
99.362971,0
51.923020,0
54.230987,0
56.824291,0
49.739320,0
36.878178,0
31.144823,0
24.207437,0
23.853721,0
48.010416,0
153.264477,0
292.754163,0
216.633331,0
202.773272,0
262.718481,0
287.543040,0
261.818640,0
227.070474,0
142.863571,0
65.069194,0
17.804494,0
33.000000,0
45.793013,0
48.764741,0
52.839379,0
56.603887,0
56.938563,0
59.682493,0
68.447060,0
96.317184,0
127.945301,0
174.828487,0
206.867107,0
233.668569,0
99.538937,0
141.400141,0
210.793738,0
258.652276,0
249.200722,0
211.101871,0
141.315250,0
55.946403,0
24.351591,0
70.710678,0
68.593003,0
70.455660,0
54.451814,0
41.109610,0
30.149627,0
35.057096,0
32.062439,0
31.144823,0
29.614186,0
30.479501,0
66.407831,0
137.295302,0
234.104677,0
267.710665,0
274.235300,0
215.541179,0
151.211772,0
78.294317,0
37.121422,0
45.486262,0
55.443665,0
85.726309,0
246.002033,0
318.692642,0
285.674640,0
265.452444,0
244.239636,0
171.143215,0
97.739450,0
14.142136,0
26.627054,0
32.649655,0
27.802878,0
21.095023,0
44.922155,0
113.282832,0
197.040605,0
272.148856,0
293.027302,0
296.136793,0
266.152212,0
187.096232,0
79.056942,0
7.615773,0
28.017851,0
57.271284,0
74.431176,0
227.495055,0
283.451936,0
216.300717,0
84.852814,0
230.950211,0
265.663321,0
299.421108,0
288.225606,0
286.876280,0
216.723326,0
110.724884,0
44.777226,0
11.704700,0
52.611786,0
61.131007,0
60.008333,0
57.078893,0
49.254441,0
38.118237,0
36.055513,0
207.424685,0
198.600101,0
188.223272,0
128.701204,0
87.206651,0
155.630974,0
198.002525,0
193.038856,0
189.770915,0
184.043473,0
208.216234,0
226.812698,0
229.172424,0
239.106671,0
190.960729,0
178.126360,0
216.060177,0
226.019911,0
219.938628,0
200.800896,0
187.106921,0
181.218101,0
187.181730,0
185.714835,0
160.701587,0
161.523992,0
157.457931,0
154.159009,0
147.339743,0
141.088625,0
134.238594,0
119.151164,0
86.284413,0
37.656341,0
7.211103,0
46.097722,0
83.150466,0
122.690668,0
155.708060,0
156.348969,0
123.693169,0
86.162637,0
50.774009,0
13.341664,0
30.805844,0
30.232433,0
29.410882,0
28.301943,0
29.529646,0
31.304952,0
33.105891,0
34.928498,0
34.539832,0
32.695565,0
27.313001,0
17.492856,0
7.280110,0
16.124515,0
34.058773,0
54.147945,0
71.112587,0
77.103826,0
58.077534,0
26.019224,0
15.297059,0
45.177428,0
58.137767,0
68.117545,0
76.236474,0
83.384651,0
88.684835,0
97.015463,0
112.787411,0
145.344419,0
181.912067,0
217.168138,0
256.462473,0
279.474507,0
289.913780,0
312.923313,0
242.392244,0
242.923856,0
228.035085,0
